date,new,cumulative,doubleFlagTest,doubleFlagLabel,shaded
2020-01-15,2,2,1,,14
2020-01-16,0,2,1,,
2020-01-17,0,2,0,,
2020-01-18,0,2,0,,
2020-01-19,0,2,0,,
2020-01-20,0,2,0,,
2020-01-21,1,3,0,,
2020-01-22,2,5,1,,
2020-01-23,0,5,0,,
2020-01-24,2,7,0,,
2020-01-25,0,7,0,,
2020-01-26,0,7,0,,
2020-01-27,1,8,0,,
2020-01-28,0,8,0,,
2020-01-29,0,8,0,,
2020-01-30,0,8,0,,
2020-01-31,0,8,0,,
2020-02-01,3,11,1,,
2020-02-02,0,11,0,,
2020-02-03,1,12,0,,
2020-02-04,2,14,0,,
2020-02-05,2,16,0,,
2020-02-06,0,16,0,,
2020-02-07,1,17,0,,
2020-02-08,1,18,0,,
2020-02-09,1,19,0,,
2020-02-10,2,21,0,,
2020-02-11,0,21,0,,
2020-02-12,1,22,1,,
2020-02-13,1,23,0,,
2020-02-14,4,27,0,,
2020-02-15,3,30,0,,
2020-02-16,1,31,0,,
2020-02-17,1,32,0,,
2020-02-18,3,35,0,,
2020-02-19,3,38,0,,
2020-02-20,7,45,1,,
2020-02-21,3,48,0,,
2020-02-22,6,54,0,,
2020-02-23,15,69,0,,
2020-02-24,14,83,0,,
2020-02-25,16,99,1,,
2020-02-26,13,112,0,,
2020-02-27,22,134,0,,
2020-02-28,34,168,0,,
2020-02-29,27,195,0,,
2020-03-01,44,239,1,,
2020-03-02,42,281,0,,
2020-03-03,49,330,0,,
2020-03-04,45,375,0,,
2020-03-05,59,434,0,,
2020-03-06,78,512,1,,
2020-03-07,85,597,0,,
2020-03-08,117,714,0,,
2020-03-09,206,920,0,,
2020-03-10,230,1150,1,,
2020-03-11,268,1418,0,,
2020-03-12,354,1772,0,,
2020-03-13,434,2206,0,,
2020-03-14,421,2627,1,,
2020-03-15,554,3181,0,,
2020-03-16,777,3958,0,,
2020-03-17,811,4769,0,,
2020-03-18,910,5679,1,,
2020-03-19,767,6446,0,,
2020-03-20,949,7395,0,,
2020-03-21,825,8220,0,,
2020-03-22,798,9018,0,,
2020-03-23,970,9988,0,,
2020-03-24,874,10862,0,,
2020-03-25,890,11752,1,,
2020-03-26,806,12558,0,,
2020-03-27,882,13440,0,,
2020-03-28,871,14311,0,,
2020-03-29,777,15088,0,,
2020-03-30,1003,16091,0,,
2020-03-31,848,16939,0,,
2020-04-01,1161,18100,0,,
2020-04-02,1034,19134,0,,
2020-04-03,1245,20379,0,,
2020-04-04,1053,21432,0,,
2020-04-05,999,22431,0,,
2020-04-06,1288,23719,1,,
2020-04-07,1165,24884,0,,
2020-04-08,1286,26170,0,,
2020-04-09,1352,27522,0,,
2020-04-10,1551,29073,0,,
2020-04-11,1531,30604,0,,
2020-04-12,1362,31966,0,,
2020-04-13,1910,33876,0,,
2020-04-14,1676,35552,0,,
2020-04-15,1789,37341,0,,
2020-04-16,1843,39184,0,,
2020-04-17,1749,40933,0,,
2020-04-18,1560,42493,0,,
2020-04-19,1168,43661,0,,
2020-04-20,1747,45408,0,,
2020-04-21,1362,46770,0,,
2020-04-22,1436,48206,0,,
2020-04-23,1485,49691,0,,
2020-04-24,1460,51151,0,,
2020-04-25,1316,52467,1,,
2020-04-26,1246,53713,0,,
2020-04-27,1593,55306,0,,
2020-04-28,1392,56698,0,,
2020-04-29,1382,58080,0,,
2020-04-30,1290,59370,0,,
2020-05-01,1370,60740,0,,
2020-05-02,975,61715,0,,
2020-05-03,950,62665,0,,
2020-05-04,1224,63889,0,,
2020-05-05,1142,65031,0,,
2020-05-06,984,66015,0,,
2020-05-07,1050,67065,0,,
2020-05-08,1051,68116,0,,
2020-05-09,925,69041,0,,
2020-05-10,798,69839,0,,
2020-05-11,1134,70973,0,,
2020-05-12,983,71956,0,,
2020-05-13,995,72951,0,,
2020-05-14,1032,73983,0,,
2020-05-15,1173,75156,0,,
2020-05-16,939,76095,0,,
2020-05-17,838,76933,0,,
2020-05-18,953,77886,0,,
2020-05-19,860,78746,0,,
2020-05-20,946,79692,0,,
2020-05-21,761,80453,0,,
2020-05-22,735,81188,0,,
2020-05-23,581,81769,0,,
2020-05-24,560,82329,0,,
2020-05-25,651,82980,0,,
2020-05-26,579,83559,0,,
2020-05-27,525,84084,0,,
2020-05-28,428,84512,0,,
2020-05-29,475,84987,0,,
2020-05-30,244,85231,0,,
2020-05-31,122,85353,0,,
2020-06-01,66,85419,0,,
2020-06-02,3,85422,0,,