date,new,cumulative,doubleFlagTest,doubleFlagLabel,shaded
2020-01-15,1,1,1,,18
2020-01-16,0,1,1,,
2020-01-17,0,1,0,,
2020-01-18,0,1,0,,
2020-01-19,0,1,0,,
2020-01-20,0,1,0,,
2020-01-21,1,2,1,,
2020-01-22,2,4,1,,
2020-01-23,0,4,0,,
2020-01-24,2,6,0,,
2020-01-25,0,6,0,,
2020-01-26,0,6,0,,
2020-01-27,1,7,0,,
2020-01-28,0,7,0,,
2020-01-29,0,7,0,,
2020-01-30,0,7,0,,
2020-01-31,0,7,0,,
2020-02-01,3,10,1,,
2020-02-02,0,10,0,,
2020-02-03,0,10,0,,
2020-02-04,0,10,0,,
2020-02-05,1,11,0,,
2020-02-06,0,11,0,,
2020-02-07,0,11,0,,
2020-02-08,1,12,0,,
2020-02-09,1,13,0,,
2020-02-10,2,15,0,,
2020-02-11,0,15,0,,
2020-02-12,0,15,0,,
2020-02-13,2,17,0,,
2020-02-14,4,21,1,,
2020-02-15,4,25,0,,
2020-02-16,3,28,0,,
2020-02-17,1,29,0,,
2020-02-18,1,30,0,,
2020-02-19,1,31,0,,
2020-02-20,7,38,0,,
2020-02-21,3,41,0,,
2020-02-22,8,49,1,,
2020-02-23,10,59,0,,
2020-02-24,11,70,0,,
2020-02-25,10,80,0,,
2020-02-26,5,85,0,,
2020-02-27,12,97,0,,
2020-02-28,17,114,1,,
2020-02-29,24,138,0,,
2020-03-01,42,180,0,,
2020-03-02,36,216,0,,
2020-03-03,45,261,1,,
2020-03-04,45,306,0,,
2020-03-05,52,358,0,,
2020-03-06,67,425,0,,
2020-03-07,81,506,0,,
2020-03-08,109,615,1,,
2020-03-09,190,805,0,,
2020-03-10,219,1024,0,,
2020-03-11,246,1270,1,,
2020-03-12,305,1575,0,,
2020-03-13,373,1948,0,,
2020-03-14,369,2317,0,,
2020-03-15,468,2785,1,,
2020-03-16,637,3422,0,,
2020-03-17,676,4098,0,,
2020-03-18,793,4891,0,,
2020-03-19,633,5524,0,,
2020-03-20,773,6297,1,,
2020-03-21,684,6981,0,,
2020-03-22,634,7615,0,,
2020-03-23,775,8390,0,,
2020-03-24,681,9071,0,,
2020-03-25,676,9747,0,,
2020-03-26,620,10367,0,,
2020-03-27,622,10989,0,,
2020-03-28,598,11587,0,,
2020-03-29,480,12067,0,,
2020-03-30,627,12694,1,,
2020-03-31,481,13175,0,,
2020-04-01,619,13794,0,,
2020-04-02,506,14300,0,,
2020-04-03,590,14890,0,,
2020-04-04,455,15345,0,,
2020-04-05,470,15815,0,,
2020-04-06,611,16426,0,,
2020-04-07,607,17033,0,,
2020-04-08,617,17650,0,,
2020-04-09,680,18330,0,,
2020-04-10,774,19104,0,,
2020-04-11,721,19825,0,,
2020-04-12,643,20468,0,,
2020-04-13,1043,21511,0,,
2020-04-14,858,22369,0,,
2020-04-15,943,23312,0,,
2020-04-16,864,24176,0,,
2020-04-17,913,25089,0,,
2020-04-18,765,25854,1,,
2020-04-19,508,26362,0,,
2020-04-20,770,27132,0,,
2020-04-21,586,27718,0,,
2020-04-22,649,28367,0,,
2020-04-23,641,29008,0,,
2020-04-24,577,29585,0,,
2020-04-25,546,30131,1,,
2020-04-26,483,30614,0,,
2020-04-27,633,31247,0,,
2020-04-28,575,31822,0,,
2020-04-29,531,32353,0,,
2020-04-30,461,32814,0,,
2020-05-01,445,33259,0,,
2020-05-02,318,33577,0,,
2020-05-03,294,33871,0,,
2020-05-04,327,34198,0,,
2020-05-05,386,34584,0,,
2020-05-06,275,34859,0,,
2020-05-07,313,35172,0,,
2020-05-08,264,35436,,,
2020-05-09,221,35657,,,
2020-05-10,135,35792,,,
2020-05-11,228,36020,,,
2020-05-12,134,36154,,,
2020-05-13,35,36189,,,
2020-05-14,0,36189,,,