date,new,cumulative,doubleFlagTest,doubleFlagLabel,shaded
2020-01-15,1,1,1,,14
2020-01-16,0,1,1,,
2020-01-17,0,1,0,,
2020-01-18,0,1,0,,
2020-01-19,0,1,0,,
2020-01-20,0,1,0,,
2020-01-21,1,2,1,,
2020-01-22,2,4,1,,
2020-01-23,0,4,0,,
2020-01-24,2,6,0,,
2020-01-25,0,6,0,,
2020-01-26,0,6,0,,
2020-01-27,1,7,0,,
2020-01-28,0,7,0,,
2020-01-29,0,7,0,,
2020-01-30,0,7,0,,
2020-01-31,0,7,0,,
2020-02-01,2,9,1,,
2020-02-02,0,9,0,,
2020-02-03,1,10,0,,
2020-02-04,2,12,0,,
2020-02-05,2,14,0,,
2020-02-06,0,14,0,,
2020-02-07,1,15,0,,
2020-02-08,0,15,0,,
2020-02-09,1,16,0,,
2020-02-10,2,18,1,,
2020-02-11,0,18,0,,
2020-02-12,1,19,0,,
2020-02-13,1,20,0,,
2020-02-14,4,24,0,,
2020-02-15,3,27,0,,
2020-02-16,1,28,0,,
2020-02-17,1,29,0,,
2020-02-18,3,32,0,,
2020-02-19,3,35,0,,
2020-02-20,6,41,1,,
2020-02-21,2,43,0,,
2020-02-22,5,48,0,,
2020-02-23,15,63,0,,
2020-02-24,14,77,0,,
2020-02-25,16,93,1,,
2020-02-26,12,105,0,,
2020-02-27,23,128,0,,
2020-02-28,35,163,0,,
2020-02-29,26,189,1,,
2020-03-01,46,235,0,,
2020-03-02,46,281,0,,
2020-03-03,50,331,0,,
2020-03-04,48,379,1,,
2020-03-05,62,441,0,,
2020-03-06,79,520,0,,
2020-03-07,89,609,0,,
2020-03-08,131,740,0,,
2020-03-09,221,961,1,,
2020-03-10,249,1210,0,,
2020-03-11,290,1500,0,,
2020-03-12,381,1881,0,,
2020-03-13,450,2331,1,,
2020-03-14,454,2785,0,,
2020-03-15,583,3368,0,,
2020-03-16,809,4177,0,,
2020-03-17,844,5021,1,,
2020-03-18,937,5958,0,,
2020-03-19,790,6748,0,,
2020-03-20,973,7721,0,,
2020-03-21,855,8576,0,,
2020-03-22,822,9398,0,,
2020-03-23,996,10394,1,,
2020-03-24,896,11290,0,,
2020-03-25,908,12198,0,,
2020-03-26,824,13022,0,,
2020-03-27,900,13922,0,,
2020-03-28,887,14809,0,,
2020-03-29,795,15604,0,,
2020-03-30,1025,16629,0,,
2020-03-31,857,17486,0,,
2020-04-01,1186,18672,0,,
2020-04-02,1055,19727,0,,
2020-04-03,1257,20984,1,,
2020-04-04,1078,22062,0,,
2020-04-05,1015,23077,0,,
2020-04-06,1314,24391,0,,
2020-04-07,1182,25573,0,,
2020-04-08,1303,26876,0,,
2020-04-09,1368,28244,0,,
2020-04-10,1582,29826,0,,
2020-04-11,1548,31374,0,,
2020-04-12,1373,32747,0,,
2020-04-13,1923,34670,0,,
2020-04-14,1686,36356,0,,
2020-04-15,1825,38181,0,,
2020-04-16,1850,40031,0,,
2020-04-17,1766,41797,0,,
2020-04-18,1569,43366,1,,
2020-04-19,1183,44549,0,,
2020-04-20,1773,46322,0,,
2020-04-21,1377,47699,0,,
2020-04-22,1450,49149,0,,
2020-04-23,1506,50655,0,,
2020-04-24,1485,52140,0,,
2020-04-25,1330,53470,1,,
2020-04-26,1260,54730,0,,
2020-04-27,1618,56348,0,,
2020-04-28,1416,57764,0,,
2020-04-29,1381,59145,0,,
2020-04-30,1291,60436,0,,
2020-05-01,1374,61810,0,,
2020-05-02,987,62797,0,,
2020-05-03,961,63758,0,,
2020-05-04,1221,64979,0,,
2020-05-05,1158,66137,0,,
2020-05-06,990,67127,0,,
2020-05-07,1058,68185,0,,
2020-05-08,1059,69244,0,,
2020-05-09,942,70186,0,,
2020-05-10,810,70996,0,,
2020-05-11,1147,72143,0,,
2020-05-12,999,73142,0,,
2020-05-13,1015,74157,0,,
2020-05-14,1047,75204,0,,
2020-05-15,1195,76399,0,,
2020-05-16,944,77343,0,,
2020-05-17,850,78193,0,,
2020-05-18,976,79169,0,,
2020-05-19,884,80053,0,,
2020-05-20,973,81026,0,,
2020-05-21,796,81822,0,,
2020-05-22,759,82581,0,,
2020-05-23,610,83191,0,,
2020-05-24,577,83768,0,,
2020-05-25,684,84452,0,,
2020-05-26,618,85070,0,,
2020-05-27,568,85638,0,,
2020-05-28,462,86100,0,,
2020-05-29,542,86642,0,,
2020-05-30,333,86975,0,,
2020-05-31,207,87182,0,,
2020-06-01,315,87497,0,,
2020-06-02,197,87694,0,,
2020-06-03,132,87826,,,
2020-06-04,53,87879,,,
2020-06-05,5,87884,,,