date,new,cumulative,doubleFlagTest,doubleFlagLabel,shaded
2020-01-15,1,1,1,,18
2020-01-16,0,1,1,,
2020-01-17,0,1,0,,
2020-01-18,0,1,0,,
2020-01-19,0,1,0,,
2020-01-20,0,1,0,,
2020-01-21,1,2,1,,
2020-01-22,2,4,1,,
2020-01-23,0,4,0,,
2020-01-24,2,6,0,,
2020-01-25,0,6,0,,
2020-01-26,0,6,0,,
2020-01-27,1,7,0,,
2020-01-28,0,7,0,,
2020-01-29,0,7,0,,
2020-01-30,0,7,0,,
2020-01-31,0,7,0,,
2020-02-01,3,10,1,,
2020-02-02,0,10,0,,
2020-02-03,0,10,0,,
2020-02-04,0,10,0,,
2020-02-05,1,11,0,,
2020-02-06,0,11,0,,
2020-02-07,0,11,0,,
2020-02-08,1,12,0,,
2020-02-09,1,13,0,,
2020-02-10,2,15,0,,
2020-02-11,0,15,0,,
2020-02-12,0,15,0,,
2020-02-13,2,17,0,,
2020-02-14,4,21,1,,
2020-02-15,4,25,0,,
2020-02-16,3,28,0,,
2020-02-17,1,29,0,,
2020-02-18,1,30,0,,
2020-02-19,1,31,0,,
2020-02-20,7,38,0,,
2020-02-21,3,41,0,,
2020-02-22,8,49,1,,
2020-02-23,10,59,0,,
2020-02-24,11,70,0,,
2020-02-25,10,80,0,,
2020-02-26,6,86,0,,
2020-02-27,12,98,1,,
2020-02-28,17,115,0,,
2020-02-29,25,140,0,,
2020-03-01,42,182,0,,
2020-03-02,36,218,1,,
2020-03-03,44,262,0,,
2020-03-04,45,307,0,,
2020-03-05,52,359,0,,
2020-03-06,66,425,0,,
2020-03-07,81,506,1,,
2020-03-08,109,615,0,,
2020-03-09,189,804,0,,
2020-03-10,219,1023,1,,
2020-03-11,245,1268,0,,
2020-03-12,303,1571,0,,
2020-03-13,369,1940,0,,
2020-03-14,367,2307,1,,
2020-03-15,466,2773,0,,
2020-03-16,631,3404,0,,
2020-03-17,668,4072,0,,
2020-03-18,791,4863,1,,
2020-03-19,626,5489,0,,
2020-03-20,771,6260,0,,
2020-03-21,683,6943,0,,
2020-03-22,634,7577,0,,
2020-03-23,768,8345,0,,
2020-03-24,678,9023,0,,
2020-03-25,672,9695,0,,
2020-03-26,624,10319,1,,
2020-03-27,622,10941,0,,
2020-03-28,599,11540,0,,
2020-03-29,483,12023,0,,
2020-03-30,629,12652,0,,
2020-03-31,479,13131,0,,
2020-04-01,605,13736,0,,
2020-04-02,505,14241,0,,
2020-04-03,580,14821,0,,
2020-04-04,450,15271,0,,
2020-04-05,465,15736,0,,
2020-04-06,610,16346,0,,
2020-04-07,617,16963,0,,
2020-04-08,607,17570,0,,
2020-04-09,686,18256,0,,
2020-04-10,770,19026,0,,
2020-04-11,714,19740,0,,
2020-04-12,631,20371,0,,
2020-04-13,1039,21410,1,,
2020-04-14,850,22260,0,,
2020-04-15,936,23196,0,,
2020-04-16,839,24035,0,,
2020-04-17,915,24950,0,,
2020-04-18,755,25705,0,,
2020-04-19,485,26190,0,,
2020-04-20,756,26946,0,,
2020-04-21,566,27512,0,,
2020-04-22,626,28138,0,,
2020-04-23,605,28743,0,,
2020-04-24,557,29300,0,,
2020-04-25,538,29838,1,,
2020-04-26,453,30291,0,,
2020-04-27,592,30883,0,,
2020-04-28,545,31428,0,,
2020-04-29,488,31916,0,,
2020-04-30,426,32342,0,,
2020-05-01,393,32735,0,,
2020-05-02,255,32990,0,,
2020-05-03,246,33236,0,,
2020-05-04,248,33484,0,,
2020-05-05,262,33746,0,,
2020-05-06,145,33891,0,,
2020-05-07,77,33968,0,,
2020-05-08,21,33989,,,
2020-05-09,1,33990,,,
2020-05-10,0,33990,,,