date,new,cumulative,doubleFlagTest,doubleFlagLabel,shaded
2020-01-15,1,1,1,,18
2020-01-16,0,1,1,,
2020-01-17,0,1,0,,
2020-01-18,0,1,0,,
2020-01-19,0,1,0,,
2020-01-20,0,1,0,,
2020-01-21,1,2,1,,
2020-01-22,2,4,1,,
2020-01-23,0,4,0,,
2020-01-24,2,6,0,,
2020-01-25,0,6,0,,
2020-01-26,0,6,0,,
2020-01-27,1,7,0,,
2020-01-28,1,8,1,,
2020-01-29,0,8,0,,
2020-01-30,0,8,0,,
2020-01-31,0,8,0,,
2020-02-01,2,10,0,,
2020-02-02,0,10,0,,
2020-02-03,0,10,0,,
2020-02-04,0,10,0,,
2020-02-05,1,11,0,,
2020-02-06,0,11,0,,
2020-02-07,0,11,0,,
2020-02-08,1,12,0,,
2020-02-09,1,13,0,,
2020-02-10,2,15,0,,
2020-02-11,0,15,0,,
2020-02-12,1,16,1,,
2020-02-13,2,18,0,,
2020-02-14,4,22,0,,
2020-02-15,4,26,0,,
2020-02-16,3,29,0,,
2020-02-17,1,30,0,,
2020-02-18,1,31,0,,
2020-02-19,1,32,1,,
2020-02-20,6,38,0,,
2020-02-21,3,41,0,,
2020-02-22,8,49,0,,
2020-02-23,11,60,0,,
2020-02-24,11,71,1,,
2020-02-25,10,81,0,,
2020-02-26,6,87,0,,
2020-02-27,12,99,0,,
2020-02-28,17,116,0,,
2020-02-29,26,142,1,,
2020-03-01,41,183,0,,
2020-03-02,37,220,0,,
2020-03-03,44,264,0,,
2020-03-04,47,311,1,,
2020-03-05,52,363,0,,
2020-03-06,63,426,0,,
2020-03-07,77,503,0,,
2020-03-08,106,609,0,,
2020-03-09,187,796,1,,
2020-03-10,214,1010,0,,
2020-03-11,238,1248,0,,
2020-03-12,293,1541,0,,
2020-03-13,363,1904,1,,
2020-03-14,361,2265,0,,
2020-03-15,452,2717,0,,
2020-03-16,620,3337,0,,
2020-03-17,653,3990,1,,
2020-03-18,783,4773,0,,
2020-03-19,618,5391,0,,
2020-03-20,761,6152,0,,
2020-03-21,655,6807,0,,
2020-03-22,612,7419,0,,
2020-03-23,749,8168,1,,
2020-03-24,664,8832,0,,
2020-03-25,666,9498,0,,
2020-03-26,603,10101,0,,
2020-03-27,607,10708,0,,
2020-03-28,571,11279,0,,
2020-03-29,463,11742,0,,
2020-03-30,618,12360,0,,
2020-03-31,470,12830,0,,
2020-04-01,590,13420,0,,
2020-04-02,498,13918,0,,
2020-04-03,547,14465,0,,
2020-04-04,432,14897,0,,
2020-04-05,439,15336,0,,
2020-04-06,580,15916,0,,
2020-04-07,592,16508,1,,
2020-04-08,586,17094,0,,
2020-04-09,663,17757,0,,
2020-04-10,745,18502,0,,
2020-04-11,708,19210,0,,
2020-04-12,583,19793,0,,
2020-04-13,967,20760,0,,
2020-04-14,768,21528,0,,
2020-04-15,862,22390,0,,
2020-04-16,761,23151,0,,
2020-04-17,814,23965,0,,
2020-04-18,649,24614,0,,
2020-04-19,380,24994,0,,
2020-04-20,566,25560,0,,
2020-04-21,420,25980,0,,
2020-04-22,435,26415,0,,
2020-04-23,384,26799,0,,
2020-04-24,319,27118,0,,
2020-04-25,239,27357,1,,
2020-04-26,126,27483,0,,
2020-04-27,67,27550,0,,
2020-04-28,0,27550,0,,
2020-04-29,0,27550,0,,