date,new,cumulative,doubleFlagTest,doubleFlagLabel,shaded
2020-01-15,1,1,1,,18
2020-01-16,0,1,1,,
2020-01-17,0,1,0,,
2020-01-18,0,1,0,,
2020-01-19,0,1,0,,
2020-01-20,0,1,0,,
2020-01-21,1,2,1,,
2020-01-22,2,4,1,,
2020-01-23,0,4,0,,
2020-01-24,2,6,0,,
2020-01-25,1,7,0,,
2020-01-26,0,7,0,,
2020-01-27,1,8,1,,
2020-01-28,1,9,0,,
2020-01-29,0,9,0,,
2020-01-30,0,9,0,,
2020-01-31,0,9,0,,
2020-02-01,1,10,0,,
2020-02-02,0,10,0,,
2020-02-03,0,10,0,,
2020-02-04,0,10,0,,
2020-02-05,1,11,0,,
2020-02-06,0,11,0,,
2020-02-07,0,11,0,,
2020-02-08,1,12,0,,
2020-02-09,1,13,0,,
2020-02-10,2,15,0,,
2020-02-11,0,15,0,,
2020-02-12,1,16,1,,
2020-02-13,2,18,0,,
2020-02-14,4,22,0,,
2020-02-15,4,26,0,,
2020-02-16,3,29,0,,
2020-02-17,1,30,0,,
2020-02-18,1,31,0,,
2020-02-19,1,32,1,,
2020-02-20,6,38,0,,
2020-02-21,3,41,0,,
2020-02-22,7,48,0,,
2020-02-23,11,59,0,,
2020-02-24,11,70,1,,
2020-02-25,10,80,0,,
2020-02-26,6,86,0,,
2020-02-27,12,98,0,,
2020-02-28,17,115,0,,
2020-02-29,25,140,1,,
2020-03-01,39,179,0,,
2020-03-02,37,216,0,,
2020-03-03,44,260,0,,
2020-03-04,46,306,1,,
2020-03-05,51,357,0,,
2020-03-06,61,418,0,,
2020-03-07,77,495,0,,
2020-03-08,105,600,0,,
2020-03-09,185,785,1,,
2020-03-10,213,998,0,,
2020-03-11,236,1234,0,,
2020-03-12,292,1526,0,,
2020-03-13,358,1884,1,,
2020-03-14,360,2244,0,,
2020-03-15,450,2694,0,,
2020-03-16,615,3309,0,,
2020-03-17,653,3962,1,,
2020-03-18,780,4742,0,,
2020-03-19,611,5353,0,,
2020-03-20,755,6108,0,,
2020-03-21,652,6760,0,,
2020-03-22,605,7365,0,,
2020-03-23,745,8110,1,,
2020-03-24,662,8772,0,,
2020-03-25,665,9437,0,,
2020-03-26,597,10034,0,,
2020-03-27,602,10636,0,,
2020-03-28,563,11199,0,,
2020-03-29,457,11656,0,,
2020-03-30,612,12268,0,,
2020-03-31,468,12736,0,,
2020-04-01,580,13316,0,,
2020-04-02,496,13812,0,,
2020-04-03,543,14355,0,,
2020-04-04,413,14768,0,,
2020-04-05,424,15192,0,,
2020-04-06,563,15755,0,,
2020-04-07,582,16337,1,,
2020-04-08,565,16902,0,,
2020-04-09,649,17551,0,,
2020-04-10,706,18257,0,,
2020-04-11,686,18943,0,,
2020-04-12,537,19480,0,,
2020-04-13,926,20406,0,,
2020-04-14,719,21125,0,,
2020-04-15,814,21939,0,,
2020-04-16,699,22638,0,,
2020-04-17,723,23361,0,,
2020-04-18,573,23934,0,,
2020-04-19,319,24253,0,,
2020-04-20,432,24685,0,,
2020-04-21,285,24970,0,,
2020-04-22,255,25225,0,,
2020-04-23,208,25433,0,,
2020-04-24,145,25578,0,,
2020-04-25,62,25640,1,,
2020-04-26,2,25642,0,,
2020-04-27,0,25642,0,,