date,new,cumulative,doubleFlagTest,doubleFlagLabel,shaded
2020-01-15,1,1,1,,18
2020-01-16,0,1,1,,
2020-01-17,0,1,0,,
2020-01-18,0,1,0,,
2020-01-19,0,1,0,,
2020-01-20,0,1,0,,
2020-01-21,1,2,1,,
2020-01-22,2,4,1,,
2020-01-23,0,4,0,,
2020-01-24,2,6,0,,
2020-01-25,0,6,0,,
2020-01-26,0,6,0,,
2020-01-27,1,7,0,,
2020-01-28,0,7,0,,
2020-01-29,0,7,0,,
2020-01-30,0,7,0,,
2020-01-31,0,7,0,,
2020-02-01,3,10,1,,
2020-02-02,0,10,0,,
2020-02-03,0,10,0,,
2020-02-04,0,10,0,,
2020-02-05,1,11,0,,
2020-02-06,0,11,0,,
2020-02-07,0,11,0,,
2020-02-08,1,12,0,,
2020-02-09,1,13,0,,
2020-02-10,2,15,0,,
2020-02-11,0,15,0,,
2020-02-12,0,15,0,,
2020-02-13,2,17,0,,
2020-02-14,4,21,1,,
2020-02-15,4,25,0,,
2020-02-16,3,28,0,,
2020-02-17,1,29,0,,
2020-02-18,1,30,0,,
2020-02-19,1,31,0,,
2020-02-20,7,38,0,,
2020-02-21,3,41,0,,
2020-02-22,8,49,1,,
2020-02-23,10,59,0,,
2020-02-24,11,70,0,,
2020-02-25,10,80,0,,
2020-02-26,5,85,0,,
2020-02-27,12,97,0,,
2020-02-28,17,114,1,,
2020-02-29,25,139,0,,
2020-03-01,42,181,0,,
2020-03-02,36,217,0,,
2020-03-03,44,261,1,,
2020-03-04,45,306,0,,
2020-03-05,52,358,0,,
2020-03-06,67,425,0,,
2020-03-07,81,506,0,,
2020-03-08,109,615,1,,
2020-03-09,190,805,0,,
2020-03-10,220,1025,0,,
2020-03-11,246,1271,1,,
2020-03-12,303,1574,0,,
2020-03-13,372,1946,0,,
2020-03-14,369,2315,0,,
2020-03-15,467,2782,1,,
2020-03-16,634,3416,0,,
2020-03-17,673,4089,0,,
2020-03-18,790,4879,0,,
2020-03-19,629,5508,0,,
2020-03-20,776,6284,1,,
2020-03-21,683,6967,0,,
2020-03-22,634,7601,0,,
2020-03-23,772,8373,0,,
2020-03-24,680,9053,0,,
2020-03-25,672,9725,0,,
2020-03-26,621,10346,0,,
2020-03-27,625,10971,0,,
2020-03-28,600,11571,0,,
2020-03-29,482,12053,0,,
2020-03-30,629,12682,1,,
2020-03-31,481,13163,0,,
2020-04-01,609,13772,0,,
2020-04-02,506,14278,0,,
2020-04-03,585,14863,0,,
2020-04-04,455,15318,0,,
2020-04-05,465,15783,0,,
2020-04-06,611,16394,0,,
2020-04-07,611,17005,0,,
2020-04-08,611,17616,0,,
2020-04-09,684,18300,0,,
2020-04-10,777,19077,0,,
2020-04-11,719,19796,0,,
2020-04-12,638,20434,0,,
2020-04-13,1039,21473,0,,
2020-04-14,852,22325,0,,
2020-04-15,943,23268,0,,
2020-04-16,854,24122,0,,
2020-04-17,913,25035,0,,
2020-04-18,766,25801,1,,
2020-04-19,501,26302,0,,
2020-04-20,748,27050,0,,
2020-04-21,579,27629,0,,
2020-04-22,638,28267,0,,
2020-04-23,631,28898,0,,
2020-04-24,567,29465,0,,
2020-04-25,540,30005,1,,
2020-04-26,465,30470,0,,
2020-04-27,615,31085,0,,
2020-04-28,567,31652,0,,
2020-04-29,508,32160,0,,
2020-04-30,459,32619,0,,
2020-05-01,419,33038,0,,
2020-05-02,286,33324,0,,
2020-05-03,268,33592,0,,
2020-05-04,298,33890,0,,
2020-05-05,330,34220,0,,
2020-05-06,220,34440,0,,
2020-05-07,241,34681,0,,
2020-05-08,174,34855,,,
2020-05-09,117,34972,,,
2020-05-10,45,35017,,,
2020-05-11,40,35057,,,
2020-05-12,2,35059,,,