date,new,cumulative,doubleFlagTest,doubleFlagLabel,shaded
2020-01-15,1,1,1,,18
2020-01-16,0,1,1,,
2020-01-17,0,1,0,,
2020-01-18,0,1,0,,
2020-01-19,0,1,0,,
2020-01-20,0,1,0,,
2020-01-21,1,2,1,,
2020-01-22,2,4,1,,
2020-01-23,0,4,0,,
2020-01-24,2,6,0,,
2020-01-25,0,6,0,,
2020-01-26,0,6,0,,
2020-01-27,1,7,0,,
2020-01-28,0,7,0,,
2020-01-29,0,7,0,,
2020-01-30,0,7,0,,
2020-01-31,0,7,0,,
2020-02-01,2,9,1,,
2020-02-02,0,9,0,,
2020-02-03,0,9,0,,
2020-02-04,0,9,0,,
2020-02-05,1,10,0,,
2020-02-06,0,10,0,,
2020-02-07,1,11,0,,
2020-02-08,1,12,0,,
2020-02-09,1,13,0,,
2020-02-10,2,15,0,,
2020-02-11,0,15,0,,
2020-02-12,0,15,0,,
2020-02-13,2,17,0,,
2020-02-14,4,21,1,,
2020-02-15,4,25,0,,
2020-02-16,3,28,0,,
2020-02-17,1,29,0,,
2020-02-18,1,30,0,,
2020-02-19,1,31,0,,
2020-02-20,7,38,0,,
2020-02-21,3,41,0,,
2020-02-22,8,49,1,,
2020-02-23,10,59,0,,
2020-02-24,11,70,0,,
2020-02-25,10,80,0,,
2020-02-26,5,85,0,,
2020-02-27,12,97,0,,
2020-02-28,17,114,1,,
2020-02-29,24,138,0,,
2020-03-01,43,181,0,,
2020-03-02,37,218,0,,
2020-03-03,46,264,1,,
2020-03-04,45,309,0,,
2020-03-05,55,364,0,,
2020-03-06,69,433,0,,
2020-03-07,82,515,0,,
2020-03-08,110,625,1,,
2020-03-09,191,816,0,,
2020-03-10,221,1037,0,,
2020-03-11,249,1286,1,,
2020-03-12,310,1596,0,,
2020-03-13,375,1971,0,,
2020-03-14,365,2336,0,,
2020-03-15,465,2801,1,,
2020-03-16,642,3443,0,,
2020-03-17,681,4124,0,,
2020-03-18,801,4925,0,,
2020-03-19,645,5570,0,,
2020-03-20,774,6344,1,,
2020-03-21,688,7032,0,,
2020-03-22,630,7662,0,,
2020-03-23,777,8439,0,,
2020-03-24,687,9126,0,,
2020-03-25,681,9807,0,,
2020-03-26,613,10420,0,,
2020-03-27,631,11051,0,,
2020-03-28,602,11653,0,,
2020-03-29,478,12131,0,,
2020-03-30,630,12761,1,,
2020-03-31,482,13243,0,,
2020-04-01,625,13868,0,,
2020-04-02,516,14384,0,,
2020-04-03,591,14975,0,,
2020-04-04,472,15447,0,,
2020-04-05,467,15914,0,,
2020-04-06,600,16514,0,,
2020-04-07,616,17130,0,,
2020-04-08,621,17751,0,,
2020-04-09,683,18434,0,,
2020-04-10,773,19207,0,,
2020-04-11,725,19932,0,,
2020-04-12,649,20581,0,,
2020-04-13,1045,21626,0,,
2020-04-14,856,22482,0,,
2020-04-15,956,23438,0,,
2020-04-16,888,24326,0,,
2020-04-17,926,25252,0,,
2020-04-18,770,26022,1,,
2020-04-19,524,26546,0,,
2020-04-20,782,27328,0,,
2020-04-21,587,27915,0,,
2020-04-22,649,28564,0,,
2020-04-23,642,29206,0,,
2020-04-24,579,29785,0,,
2020-04-25,564,30349,1,,
2020-04-26,493,30842,0,,
2020-04-27,655,31497,0,,
2020-04-28,578,32075,0,,
2020-04-29,549,32624,0,,
2020-04-30,484,33108,0,,
2020-05-01,476,33584,0,,
2020-05-02,348,33932,0,,
2020-05-03,310,34242,0,,
2020-05-04,349,34591,0,,
2020-05-05,401,34992,0,,
2020-05-06,313,35305,0,,
2020-05-07,365,35670,0,,
2020-05-08,380,36050,0,,
2020-05-09,283,36333,0,,
2020-05-10,209,36542,0,,
2020-05-11,361,36903,0,,
2020-05-12,303,37206,0,,
2020-05-13,268,37474,0,,
2020-05-14,275,37749,0,,
2020-05-15,347,38096,0,,
2020-05-16,231,38327,0,,
2020-05-17,177,38504,0,,
2020-05-18,126,38630,0,,
2020-05-19,55,38685,0,,
2020-05-20,3,38688,0,,