date,new,cumulative,doubleFlagTest,doubleFlagLabel,shaded
2020-01-15,2,2,1,,14
2020-01-16,0,2,1,,
2020-01-17,0,2,0,,
2020-01-18,0,2,0,,
2020-01-19,0,2,0,,
2020-01-20,0,2,0,,
2020-01-21,1,3,0,,
2020-01-22,2,5,1,,
2020-01-23,0,5,0,,
2020-01-24,2,7,0,,
2020-01-25,0,7,0,,
2020-01-26,0,7,0,,
2020-01-27,1,8,0,,
2020-01-28,0,8,0,,
2020-01-29,0,8,0,,
2020-01-30,0,8,0,,
2020-01-31,0,8,0,,
2020-02-01,1,9,0,,
2020-02-02,0,9,0,,
2020-02-03,1,10,1,,
2020-02-04,2,12,0,,
2020-02-05,2,14,0,,
2020-02-06,0,14,0,,
2020-02-07,1,15,0,,
2020-02-08,1,16,0,,
2020-02-09,1,17,0,,
2020-02-10,2,19,0,,
2020-02-11,0,19,0,,
2020-02-12,1,20,1,,
2020-02-13,1,21,0,,
2020-02-14,4,25,0,,
2020-02-15,3,28,0,,
2020-02-16,1,29,0,,
2020-02-17,1,30,0,,
2020-02-18,3,33,0,,
2020-02-19,3,36,0,,
2020-02-20,6,42,1,,
2020-02-21,3,45,0,,
2020-02-22,6,51,0,,
2020-02-23,15,66,0,,
2020-02-24,14,80,0,,
2020-02-25,16,96,1,,
2020-02-26,12,108,0,,
2020-02-27,22,130,0,,
2020-02-28,34,164,0,,
2020-02-29,27,191,0,,
2020-03-01,44,235,1,,
2020-03-02,42,277,0,,
2020-03-03,49,326,0,,
2020-03-04,46,372,0,,
2020-03-05,59,431,0,,
2020-03-06,79,510,1,,
2020-03-07,86,596,0,,
2020-03-08,118,714,0,,
2020-03-09,206,920,0,,
2020-03-10,231,1151,1,,
2020-03-11,266,1417,0,,
2020-03-12,355,1772,0,,
2020-03-13,434,2206,0,,
2020-03-14,424,2630,1,,
2020-03-15,555,3185,0,,
2020-03-16,778,3963,0,,
2020-03-17,811,4774,0,,
2020-03-18,910,5684,1,,
2020-03-19,767,6451,0,,
2020-03-20,950,7401,0,,
2020-03-21,827,8228,0,,
2020-03-22,799,9027,0,,
2020-03-23,973,10000,0,,
2020-03-24,875,10875,0,,
2020-03-25,891,11766,1,,
2020-03-26,806,12572,0,,
2020-03-27,884,13456,0,,
2020-03-28,872,14328,0,,
2020-03-29,778,15106,0,,
2020-03-30,1009,16115,0,,
2020-03-31,843,16958,0,,
2020-04-01,1165,18123,0,,
2020-04-02,1035,19158,0,,
2020-04-03,1241,20399,0,,
2020-04-04,1051,21450,0,,
2020-04-05,1000,22450,0,,
2020-04-06,1291,23741,1,,
2020-04-07,1163,24904,0,,
2020-04-08,1285,26189,0,,
2020-04-09,1353,27542,0,,
2020-04-10,1556,29098,0,,
2020-04-11,1529,30627,0,,
2020-04-12,1361,31988,0,,
2020-04-13,1903,33891,0,,
2020-04-14,1670,35561,0,,
2020-04-15,1804,37365,0,,
2020-04-16,1839,39204,0,,
2020-04-17,1753,40957,0,,
2020-04-18,1561,42518,0,,
2020-04-19,1170,43688,0,,
2020-04-20,1751,45439,0,,
2020-04-21,1363,46802,0,,
2020-04-22,1436,48238,0,,
2020-04-23,1491,49729,0,,
2020-04-24,1468,51197,0,,
2020-04-25,1317,52514,1,,
2020-04-26,1247,53761,0,,
2020-04-27,1602,55363,0,,
2020-04-28,1396,56759,0,,
2020-04-29,1373,58132,0,,
2020-04-30,1281,59413,0,,
2020-05-01,1358,60771,0,,
2020-05-02,980,61751,0,,
2020-05-03,952,62703,0,,
2020-05-04,1224,63927,0,,
2020-05-05,1143,65070,0,,
2020-05-06,984,66054,0,,
2020-05-07,1053,67107,0,,
2020-05-08,1053,68160,0,,
2020-05-09,933,69093,0,,
2020-05-10,800,69893,0,,
2020-05-11,1136,71029,0,,
2020-05-12,987,72016,0,,
2020-05-13,996,73012,0,,
2020-05-14,1034,74046,0,,
2020-05-15,1178,75224,0,,
2020-05-16,938,76162,0,,
2020-05-17,838,77000,0,,
2020-05-18,966,77966,0,,
2020-05-19,872,78838,0,,
2020-05-20,964,79802,0,,
2020-05-21,782,80584,0,,
2020-05-22,748,81332,0,,
2020-05-23,594,81926,0,,
2020-05-24,560,82486,0,,
2020-05-25,671,83157,0,,
2020-05-26,606,83763,0,,
2020-05-27,554,84317,0,,
2020-05-28,449,84766,0,,
2020-05-29,524,85290,0,,
2020-05-30,314,85604,0,,
2020-05-31,198,85802,0,,
2020-06-01,281,86083,0,,
2020-06-02,107,86190,0,,
2020-06-03,16,86206,,,
2020-06-04,1,86207,,,