date,new,cumulative,doubleFlagTest,doubleFlagLabel,shaded
2020-01-15,1,1,1,,18
2020-01-16,0,1,1,,
2020-01-17,0,1,0,,
2020-01-18,0,1,0,,
2020-01-19,0,1,0,,
2020-01-20,0,1,0,,
2020-01-21,1,2,1,,
2020-01-22,2,4,1,,
2020-01-23,0,4,0,,
2020-01-24,2,6,0,,
2020-01-25,0,6,0,,
2020-01-26,0,6,0,,
2020-01-27,1,7,0,,
2020-01-28,0,7,0,,
2020-01-29,0,7,0,,
2020-01-30,0,7,0,,
2020-01-31,0,7,0,,
2020-02-01,2,9,1,,
2020-02-02,0,9,0,,
2020-02-03,0,9,0,,
2020-02-04,0,9,0,,
2020-02-05,1,10,0,,
2020-02-06,0,10,0,,
2020-02-07,1,11,0,,
2020-02-08,1,12,0,,
2020-02-09,1,13,0,,
2020-02-10,2,15,0,,
2020-02-11,0,15,0,,
2020-02-12,0,15,0,,
2020-02-13,2,17,0,,
2020-02-14,4,21,1,,
2020-02-15,4,25,0,,
2020-02-16,3,28,0,,
2020-02-17,1,29,0,,
2020-02-18,1,30,0,,
2020-02-19,1,31,0,,
2020-02-20,7,38,0,,
2020-02-21,3,41,0,,
2020-02-22,8,49,1,,
2020-02-23,11,60,0,,
2020-02-24,11,71,0,,
2020-02-25,10,81,0,,
2020-02-26,5,86,0,,
2020-02-27,12,98,1,,
2020-02-28,17,115,0,,
2020-02-29,24,139,0,,
2020-03-01,43,182,0,,
2020-03-02,37,219,1,,
2020-03-03,46,265,0,,
2020-03-04,45,310,0,,
2020-03-05,54,364,0,,
2020-03-06,69,433,0,,
2020-03-07,82,515,1,,
2020-03-08,110,625,0,,
2020-03-09,191,816,0,,
2020-03-10,221,1037,1,,
2020-03-11,249,1286,0,,
2020-03-12,308,1594,0,,
2020-03-13,374,1968,0,,
2020-03-14,366,2334,1,,
2020-03-15,465,2799,0,,
2020-03-16,643,3442,0,,
2020-03-17,678,4120,0,,
2020-03-18,798,4918,1,,
2020-03-19,643,5561,0,,
2020-03-20,773,6334,0,,
2020-03-21,686,7020,0,,
2020-03-22,631,7651,0,,
2020-03-23,776,8427,0,,
2020-03-24,687,9114,0,,
2020-03-25,682,9796,0,,
2020-03-26,614,10410,1,,
2020-03-27,633,11043,0,,
2020-03-28,599,11642,0,,
2020-03-29,474,12116,0,,
2020-03-30,633,12749,0,,
2020-03-31,482,13231,0,,
2020-04-01,622,13853,0,,
2020-04-02,514,14367,0,,
2020-04-03,592,14959,0,,
2020-04-04,468,15427,0,,
2020-04-05,469,15896,0,,
2020-04-06,602,16498,0,,
2020-04-07,615,17113,0,,
2020-04-08,622,17735,0,,
2020-04-09,688,18423,0,,
2020-04-10,771,19194,0,,
2020-04-11,730,19924,0,,
2020-04-12,651,20575,0,,
2020-04-13,1040,21615,1,,
2020-04-14,856,22471,0,,
2020-04-15,953,23424,0,,
2020-04-16,887,24311,0,,
2020-04-17,924,25235,0,,
2020-04-18,768,26003,0,,
2020-04-19,525,26528,0,,
2020-04-20,781,27309,0,,
2020-04-21,585,27894,0,,
2020-04-22,652,28546,0,,
2020-04-23,640,29186,0,,
2020-04-24,576,29762,0,,
2020-04-25,560,30322,1,,
2020-04-26,492,30814,0,,
2020-04-27,653,31467,0,,
2020-04-28,576,32043,0,,
2020-04-29,546,32589,0,,
2020-04-30,480,33069,0,,
2020-05-01,471,33540,0,,
2020-05-02,345,33885,0,,
2020-05-03,310,34195,0,,
2020-05-04,351,34546,0,,
2020-05-05,398,34944,0,,
2020-05-06,308,35252,0,,
2020-05-07,362,35614,0,,
2020-05-08,369,35983,0,,
2020-05-09,274,36257,0,,
2020-05-10,201,36458,0,,
2020-05-11,345,36803,0,,
2020-05-12,286,37089,0,,
2020-05-13,242,37331,0,,
2020-05-14,247,37578,0,,
2020-05-15,314,37892,0,,
2020-05-16,200,38092,0,,
2020-05-17,129,38221,0,,
2020-05-18,46,38267,0,,
2020-05-19,2,38269,0,,