date,new,cumulative,doubleFlagTest,doubleFlagLabel,shaded
2020-01-15,1,1,1,,14
2020-01-16,0,1,1,,
2020-01-17,0,1,0,,
2020-01-18,0,1,0,,
2020-01-19,0,1,0,,
2020-01-20,0,1,0,,
2020-01-21,1,2,1,,
2020-01-22,2,4,1,,
2020-01-23,0,4,0,,
2020-01-24,2,6,0,,
2020-01-25,0,6,0,,
2020-01-26,0,6,0,,
2020-01-27,1,7,0,,
2020-01-28,0,7,0,,
2020-01-29,0,7,0,,
2020-01-30,0,7,0,,
2020-01-31,0,7,0,,
2020-02-01,2,9,1,,
2020-02-02,0,9,0,,
2020-02-03,1,10,0,,
2020-02-04,2,12,0,,
2020-02-05,2,14,0,,
2020-02-06,0,14,0,,
2020-02-07,1,15,0,,
2020-02-08,0,15,0,,
2020-02-09,1,16,0,,
2020-02-10,2,18,1,,
2020-02-11,0,18,0,,
2020-02-12,1,19,0,,
2020-02-13,1,20,0,,
2020-02-14,4,24,0,,
2020-02-15,2,26,0,,
2020-02-16,1,27,0,,
2020-02-17,1,28,0,,
2020-02-18,3,31,0,,
2020-02-19,3,34,0,,
2020-02-20,6,40,1,,
2020-02-21,2,42,0,,
2020-02-22,5,47,0,,
2020-02-23,16,63,0,,
2020-02-24,14,77,0,,
2020-02-25,16,93,1,,
2020-02-26,12,105,0,,
2020-02-27,24,129,0,,
2020-02-28,36,165,0,,
2020-02-29,27,192,1,,
2020-03-01,46,238,0,,
2020-03-02,47,285,0,,
2020-03-03,50,335,0,,
2020-03-04,47,382,0,,
2020-03-05,62,444,1,,
2020-03-06,79,523,0,,
2020-03-07,89,612,0,,
2020-03-08,131,743,0,,
2020-03-09,220,963,1,,
2020-03-10,249,1212,0,,
2020-03-11,294,1506,0,,
2020-03-12,380,1886,0,,
2020-03-13,449,2335,1,,
2020-03-14,458,2793,0,,
2020-03-15,585,3378,0,,
2020-03-16,821,4199,0,,
2020-03-17,842,5041,1,,
2020-03-18,942,5983,0,,
2020-03-19,797,6780,0,,
2020-03-20,978,7758,0,,
2020-03-21,856,8614,0,,
2020-03-22,823,9437,0,,
2020-03-23,1000,10437,1,,
2020-03-24,898,11335,0,,
2020-03-25,905,12240,0,,
2020-03-26,821,13061,0,,
2020-03-27,902,13963,0,,
2020-03-28,894,14857,0,,
2020-03-29,799,15656,0,,
2020-03-30,1033,16689,0,,
2020-03-31,869,17558,0,,
2020-04-01,1199,18757,0,,
2020-04-02,1055,19812,0,,
2020-04-03,1252,21064,1,,
2020-04-04,1089,22153,0,,
2020-04-05,1020,23173,0,,
2020-04-06,1321,24494,0,,
2020-04-07,1178,25672,0,,
2020-04-08,1318,26990,0,,
2020-04-09,1371,28361,0,,
2020-04-10,1593,29954,0,,
2020-04-11,1538,31492,0,,
2020-04-12,1385,32877,0,,
2020-04-13,1936,34813,0,,
2020-04-14,1697,36510,0,,
2020-04-15,1795,38305,0,,
2020-04-16,1844,40149,0,,
2020-04-17,1771,41920,0,,
2020-04-18,1606,43526,1,,
2020-04-19,1203,44729,0,,
2020-04-20,1779,46508,0,,
2020-04-21,1402,47910,0,,
2020-04-22,1474,49384,0,,
2020-04-23,1504,50888,0,,
2020-04-24,1473,52361,0,,
2020-04-25,1354,53715,0,,
2020-04-26,1272,54987,0,,
2020-04-27,1634,56621,0,,
2020-04-28,1435,58056,0,,
2020-04-29,1390,59446,0,,
2020-04-30,1316,60762,0,,
2020-05-01,1420,62182,0,,
2020-05-02,1036,63218,0,,
2020-05-03,986,64204,0,,
2020-05-04,1236,65440,0,,
2020-05-05,1183,66623,0,,
2020-05-06,1005,67628,0,,
2020-05-07,1049,68677,0,,
2020-05-08,1086,69763,0,,
2020-05-09,977,70740,0,,
2020-05-10,866,71606,0,,
2020-05-11,1158,72764,0,,
2020-05-12,1026,73790,0,,
2020-05-13,1022,74812,0,,
2020-05-14,1089,75901,0,,
2020-05-15,1225,77126,0,,
2020-05-16,964,78090,0,,
2020-05-17,891,78981,0,,
2020-05-18,1039,80020,0,,
2020-05-19,907,80927,0,,
2020-05-20,1019,81946,0,,
2020-05-21,819,82765,0,,
2020-05-22,800,83565,0,,
2020-05-23,701,84266,0,,
2020-05-24,668,84934,0,,
2020-05-25,789,85723,0,,
2020-05-26,710,86433,0,,
2020-05-27,690,87123,1,,
2020-05-28,561,87684,0,,
2020-05-29,665,88349,0,,
2020-05-30,518,88867,0,,
2020-05-31,392,89259,0,,
2020-06-01,591,89850,0,,
2020-06-02,471,90321,0,,
2020-06-03,420,90741,0,,
2020-06-04,408,91149,0,,
2020-06-05,400,91549,0,,
2020-06-06,305,91854,0,,
2020-06-07,246,92100,0,,
2020-06-08,322,92422,0,,
2020-06-09,254,92676,0,,
2020-06-10,287,92963,0,,
2020-06-11,216,93179,0,,
2020-06-12,111,93290,0,,
2020-06-13,53,93343,0,,
2020-06-14,15,93358,0,,