date,new,cumulative,doubleFlagTest,doubleFlagLabel,shaded
2020-01-15,1,1,1,,14
2020-01-16,0,1,1,,
2020-01-17,0,1,0,,
2020-01-18,0,1,0,,
2020-01-19,0,1,0,,
2020-01-20,0,1,0,,
2020-01-21,1,2,1,,
2020-01-22,2,4,1,,
2020-01-23,0,4,0,,
2020-01-24,2,6,0,,
2020-01-25,0,6,0,,
2020-01-26,0,6,0,,
2020-01-27,1,7,0,,
2020-01-28,0,7,0,,
2020-01-29,0,7,0,,
2020-01-30,0,7,0,,
2020-01-31,0,7,0,,
2020-02-01,3,10,1,,
2020-02-02,0,10,0,,
2020-02-03,1,11,0,,
2020-02-04,2,13,0,,
2020-02-05,2,15,0,,
2020-02-06,0,15,0,,
2020-02-07,1,16,0,,
2020-02-08,0,16,0,,
2020-02-09,1,17,0,,
2020-02-10,2,19,0,,
2020-02-11,0,19,0,,
2020-02-12,1,20,1,,
2020-02-13,1,21,0,,
2020-02-14,4,25,0,,
2020-02-15,2,27,0,,
2020-02-16,1,28,0,,
2020-02-17,1,29,0,,
2020-02-18,3,32,0,,
2020-02-19,3,35,0,,
2020-02-20,6,41,1,,
2020-02-21,2,43,0,,
2020-02-22,5,48,0,,
2020-02-23,16,64,0,,
2020-02-24,14,78,0,,
2020-02-25,16,94,1,,
2020-02-26,12,106,0,,
2020-02-27,24,130,0,,
2020-02-28,36,166,0,,
2020-02-29,27,193,1,,
2020-03-01,47,240,0,,
2020-03-02,47,287,0,,
2020-03-03,50,337,0,,
2020-03-04,47,384,0,,
2020-03-05,62,446,1,,
2020-03-06,80,526,0,,
2020-03-07,88,614,0,,
2020-03-08,131,745,0,,
2020-03-09,220,965,1,,
2020-03-10,249,1214,0,,
2020-03-11,294,1508,0,,
2020-03-12,379,1887,0,,
2020-03-13,449,2336,1,,
2020-03-14,459,2795,0,,
2020-03-15,587,3382,0,,
2020-03-16,821,4203,0,,
2020-03-17,843,5046,1,,
2020-03-18,944,5990,0,,
2020-03-19,798,6788,0,,
2020-03-20,978,7766,0,,
2020-03-21,858,8624,0,,
2020-03-22,826,9450,0,,
2020-03-23,999,10449,1,,
2020-03-24,897,11346,0,,
2020-03-25,904,12250,0,,
2020-03-26,824,13074,0,,
2020-03-27,902,13976,0,,
2020-03-28,891,14867,0,,
2020-03-29,798,15665,0,,
2020-03-30,1033,16698,0,,
2020-03-31,869,17567,0,,
2020-04-01,1199,18766,0,,
2020-04-02,1056,19822,0,,
2020-04-03,1252,21074,1,,
2020-04-04,1088,22162,0,,
2020-04-05,1023,23185,0,,
2020-04-06,1323,24508,0,,
2020-04-07,1182,25690,0,,
2020-04-08,1316,27006,0,,
2020-04-09,1372,28378,0,,
2020-04-10,1589,29967,0,,
2020-04-11,1539,31506,0,,
2020-04-12,1389,32895,0,,
2020-04-13,1934,34829,0,,
2020-04-14,1692,36521,0,,
2020-04-15,1794,38315,0,,
2020-04-16,1839,40154,0,,
2020-04-17,1776,41930,0,,
2020-04-18,1611,43541,1,,
2020-04-19,1201,44742,0,,
2020-04-20,1780,46522,0,,
2020-04-21,1405,47927,0,,
2020-04-22,1472,49399,0,,
2020-04-23,1503,50902,0,,
2020-04-24,1475,52377,0,,
2020-04-25,1352,53729,0,,
2020-04-26,1275,55004,0,,
2020-04-27,1629,56633,0,,
2020-04-28,1433,58066,0,,
2020-04-29,1390,59456,0,,
2020-04-30,1317,60773,0,,
2020-05-01,1426,62199,0,,
2020-05-02,1036,63235,0,,
2020-05-03,983,64218,0,,
2020-05-04,1236,65454,0,,
2020-05-05,1184,66638,0,,
2020-05-06,1004,67642,0,,
2020-05-07,1050,68692,0,,
2020-05-08,1088,69780,0,,
2020-05-09,980,70760,0,,
2020-05-10,866,71626,0,,
2020-05-11,1154,72780,0,,
2020-05-12,1032,73812,0,,
2020-05-13,1025,74837,0,,
2020-05-14,1093,75930,0,,
2020-05-15,1229,77159,0,,
2020-05-16,967,78126,0,,
2020-05-17,893,79019,0,,
2020-05-18,1051,80070,0,,
2020-05-19,916,80986,0,,
2020-05-20,1030,82016,0,,
2020-05-21,834,82850,0,,
2020-05-22,805,83655,0,,
2020-05-23,683,84338,0,,
2020-05-24,626,84964,0,,
2020-05-25,776,85740,0,,
2020-05-26,711,86451,0,,
2020-05-27,694,87145,1,,
2020-05-28,558,87703,0,,
2020-05-29,664,88367,0,,
2020-05-30,518,88885,0,,
2020-05-31,393,89278,0,,
2020-06-01,593,89871,0,,
2020-06-02,471,90342,0,,
2020-06-03,423,90765,0,,
2020-06-04,407,91172,0,,
2020-06-05,404,91576,0,,
2020-06-06,314,91890,0,,
2020-06-07,255,92145,0,,
2020-06-08,329,92474,0,,
2020-06-09,274,92748,0,,
2020-06-10,304,93052,0,,
2020-06-11,261,93313,0,,
2020-06-12,157,93470,0,,
2020-06-13,86,93556,0,,
2020-06-14,29,93585,0,,