date,new,cumulative,doubleFlagTest,doubleFlagLabel,shaded
2020-01-15,1,1,1,,18
2020-01-16,0,1,1,,
2020-01-17,0,1,0,,
2020-01-18,0,1,0,,
2020-01-19,0,1,0,,
2020-01-20,0,1,0,,
2020-01-21,1,2,1,,
2020-01-22,2,4,1,,
2020-01-23,0,4,0,,
2020-01-24,2,6,0,,
2020-01-25,1,7,0,,
2020-01-26,0,7,0,,
2020-01-27,1,8,1,,
2020-01-28,1,9,0,,
2020-01-29,0,9,0,,
2020-01-30,0,9,0,,
2020-01-31,0,9,0,,
2020-02-01,1,10,0,,
2020-02-02,0,10,0,,
2020-02-03,0,10,0,,
2020-02-04,0,10,0,,
2020-02-05,1,11,0,,
2020-02-06,0,11,0,,
2020-02-07,0,11,0,,
2020-02-08,1,12,0,,
2020-02-09,1,13,0,,
2020-02-10,2,15,0,,
2020-02-11,0,15,0,,
2020-02-12,1,16,1,,
2020-02-13,2,18,0,,
2020-02-14,4,22,0,,
2020-02-15,4,26,0,,
2020-02-16,3,29,0,,
2020-02-17,1,30,0,,
2020-02-18,1,31,0,,
2020-02-19,1,32,1,,
2020-02-20,6,38,0,,
2020-02-21,3,41,0,,
2020-02-22,6,47,0,,
2020-02-23,11,58,0,,
2020-02-24,11,69,1,,
2020-02-25,10,79,0,,
2020-02-26,6,85,0,,
2020-02-27,12,97,0,,
2020-02-28,17,114,0,,
2020-02-29,25,139,1,,
2020-03-01,39,178,0,,
2020-03-02,37,215,0,,
2020-03-03,44,259,0,,
2020-03-04,46,305,1,,
2020-03-05,51,356,0,,
2020-03-06,61,417,0,,
2020-03-07,77,494,0,,
2020-03-08,104,598,0,,
2020-03-09,185,783,1,,
2020-03-10,213,996,0,,
2020-03-11,236,1232,0,,
2020-03-12,291,1523,0,,
2020-03-13,358,1881,1,,
2020-03-14,359,2240,0,,
2020-03-15,449,2689,0,,
2020-03-16,614,3303,0,,
2020-03-17,654,3957,1,,
2020-03-18,777,4734,0,,
2020-03-19,607,5341,0,,
2020-03-20,754,6095,0,,
2020-03-21,650,6745,0,,
2020-03-22,604,7349,0,,
2020-03-23,742,8091,1,,
2020-03-24,662,8753,0,,
2020-03-25,658,9411,0,,
2020-03-26,599,10010,0,,
2020-03-27,597,10607,0,,
2020-03-28,561,11168,0,,
2020-03-29,453,11621,0,,
2020-03-30,608,12229,0,,
2020-03-31,464,12693,0,,
2020-04-01,580,13273,0,,
2020-04-02,500,13773,0,,
2020-04-03,541,14314,0,,
2020-04-04,414,14728,0,,
2020-04-05,423,15151,0,,
2020-04-06,557,15708,0,,
2020-04-07,577,16285,1,,
2020-04-08,566,16851,0,,
2020-04-09,646,17497,0,,
2020-04-10,695,18192,0,,
2020-04-11,676,18868,0,,
2020-04-12,531,19399,0,,
2020-04-13,923,20322,0,,
2020-04-14,728,21050,0,,
2020-04-15,792,21842,0,,
2020-04-16,682,22524,0,,
2020-04-17,689,23213,0,,
2020-04-18,542,23755,0,,
2020-04-19,280,24035,0,,
2020-04-20,362,24397,0,,
2020-04-21,244,24641,0,,
2020-04-22,236,24877,0,,
2020-04-23,153,25030,0,,
2020-04-24,67,25097,0,,
2020-04-25,3,25100,1,,
2020-04-26,0,25100,0,,