date,new,cumulative,doubleFlagTest,doubleFlagLabel,shaded
2020-01-15,1,1,1,,18
2020-01-16,0,1,1,,
2020-01-17,0,1,0,,
2020-01-18,0,1,0,,
2020-01-19,0,1,0,,
2020-01-20,0,1,0,,
2020-01-21,1,2,1,,
2020-01-22,2,4,1,,
2020-01-23,0,4,0,,
2020-01-24,2,6,0,,
2020-01-25,0,6,0,,
2020-01-26,0,6,0,,
2020-01-27,1,7,0,,
2020-01-28,0,7,0,,
2020-01-29,0,7,0,,
2020-01-30,0,7,0,,
2020-01-31,0,7,0,,
2020-02-01,3,10,1,,
2020-02-02,0,10,0,,
2020-02-03,0,10,0,,
2020-02-04,0,10,0,,
2020-02-05,1,11,0,,
2020-02-06,0,11,0,,
2020-02-07,0,11,0,,
2020-02-08,1,12,0,,
2020-02-09,1,13,0,,
2020-02-10,2,15,0,,
2020-02-11,0,15,0,,
2020-02-12,0,15,0,,
2020-02-13,2,17,0,,
2020-02-14,4,21,1,,
2020-02-15,4,25,0,,
2020-02-16,3,28,0,,
2020-02-17,1,29,0,,
2020-02-18,1,30,0,,
2020-02-19,1,31,0,,
2020-02-20,7,38,0,,
2020-02-21,3,41,0,,
2020-02-22,8,49,1,,
2020-02-23,10,59,0,,
2020-02-24,11,70,0,,
2020-02-25,10,80,0,,
2020-02-26,5,85,0,,
2020-02-27,12,97,0,,
2020-02-28,17,114,1,,
2020-02-29,25,139,0,,
2020-03-01,42,181,0,,
2020-03-02,36,217,0,,
2020-03-03,44,261,1,,
2020-03-04,45,306,0,,
2020-03-05,52,358,0,,
2020-03-06,67,425,0,,
2020-03-07,81,506,0,,
2020-03-08,109,615,1,,
2020-03-09,190,805,0,,
2020-03-10,220,1025,0,,
2020-03-11,246,1271,1,,
2020-03-12,303,1574,0,,
2020-03-13,371,1945,0,,
2020-03-14,368,2313,0,,
2020-03-15,466,2779,1,,
2020-03-16,634,3413,0,,
2020-03-17,672,4085,0,,
2020-03-18,790,4875,0,,
2020-03-19,628,5503,0,,
2020-03-20,774,6277,1,,
2020-03-21,681,6958,0,,
2020-03-22,634,7592,0,,
2020-03-23,769,8361,0,,
2020-03-24,680,9041,0,,
2020-03-25,674,9715,0,,
2020-03-26,623,10338,0,,
2020-03-27,621,10959,0,,
2020-03-28,600,11559,0,,
2020-03-29,483,12042,0,,
2020-03-30,629,12671,1,,
2020-03-31,481,13152,0,,
2020-04-01,605,13757,0,,
2020-04-02,506,14263,0,,
2020-04-03,584,14847,0,,
2020-04-04,456,15303,0,,
2020-04-05,463,15766,0,,
2020-04-06,610,16376,0,,
2020-04-07,613,16989,0,,
2020-04-08,611,17600,0,,
2020-04-09,688,18288,0,,
2020-04-10,772,19060,0,,
2020-04-11,714,19774,0,,
2020-04-12,634,20408,0,,
2020-04-13,1039,21447,0,,
2020-04-14,855,22302,0,,
2020-04-15,940,23242,0,,
2020-04-16,844,24086,0,,
2020-04-17,919,25005,0,,
2020-04-18,758,25763,1,,
2020-04-19,500,26263,0,,
2020-04-20,751,27014,0,,
2020-04-21,576,27590,0,,
2020-04-22,635,28225,0,,
2020-04-23,626,28851,0,,
2020-04-24,561,29412,0,,
2020-04-25,536,29948,1,,
2020-04-26,464,30412,0,,
2020-04-27,606,31018,0,,
2020-04-28,567,31585,0,,
2020-04-29,508,32093,0,,
2020-04-30,454,32547,0,,
2020-05-01,418,32965,0,,
2020-05-02,278,33243,0,,
2020-05-03,258,33501,0,,
2020-05-04,288,33789,0,,
2020-05-05,316,34105,0,,
2020-05-06,206,34311,0,,
2020-05-07,174,34485,0,,
2020-05-08,137,34622,,,
2020-05-09,84,34706,,,
2020-05-10,19,34725,,,
2020-05-11,1,34726,,,