date,new,cumulative,doubleFlagTest,doubleFlagLabel,shaded
2020-01-15,1,1,1,,18
2020-01-16,0,1,1,,
2020-01-17,0,1,0,,
2020-01-18,0,1,0,,
2020-01-19,0,1,0,,
2020-01-20,0,1,0,,
2020-01-21,1,2,1,,
2020-01-22,2,4,1,,
2020-01-23,0,4,0,,
2020-01-24,2,6,0,,
2020-01-25,0,6,0,,
2020-01-26,0,6,0,,
2020-01-27,1,7,0,,
2020-01-28,1,8,1,,
2020-01-29,0,8,0,,
2020-01-30,0,8,0,,
2020-01-31,0,8,0,,
2020-02-01,3,11,0,,
2020-02-02,0,11,0,,
2020-02-03,0,11,0,,
2020-02-04,0,11,0,,
2020-02-05,1,12,0,,
2020-02-06,0,12,0,,
2020-02-07,0,12,0,,
2020-02-08,1,13,0,,
2020-02-09,1,14,0,,
2020-02-10,2,16,1,,
2020-02-11,0,16,0,,
2020-02-12,0,16,0,,
2020-02-13,2,18,0,,
2020-02-14,4,22,0,,
2020-02-15,4,26,0,,
2020-02-16,3,29,0,,
2020-02-17,1,30,0,,
2020-02-18,1,31,0,,
2020-02-19,1,32,1,,
2020-02-20,7,39,0,,
2020-02-21,3,42,0,,
2020-02-22,8,50,0,,
2020-02-23,11,61,0,,
2020-02-24,11,72,1,,
2020-02-25,10,82,0,,
2020-02-26,6,88,0,,
2020-02-27,12,100,0,,
2020-02-28,17,117,0,,
2020-02-29,26,143,0,,
2020-03-01,41,184,1,,
2020-03-02,37,221,0,,
2020-03-03,44,265,0,,
2020-03-04,46,311,0,,
2020-03-05,53,364,0,,
2020-03-06,66,430,1,,
2020-03-07,81,511,0,,
2020-03-08,107,618,0,,
2020-03-09,189,807,0,,
2020-03-10,218,1025,1,,
2020-03-11,243,1268,0,,
2020-03-12,298,1566,0,,
2020-03-13,368,1934,0,,
2020-03-14,366,2300,1,,
2020-03-15,459,2759,0,,
2020-03-16,625,3384,0,,
2020-03-17,664,4048,0,,
2020-03-18,785,4833,1,,
2020-03-19,620,5453,0,,
2020-03-20,769,6222,0,,
2020-03-21,678,6900,0,,
2020-03-22,630,7530,0,,
2020-03-23,761,8291,0,,
2020-03-24,667,8958,0,,
2020-03-25,668,9626,0,,
2020-03-26,619,10245,1,,
2020-03-27,618,10863,0,,
2020-03-28,587,11450,0,,
2020-03-29,481,11931,0,,
2020-03-30,628,12559,0,,
2020-03-31,478,13037,0,,
2020-04-01,596,13633,0,,
2020-04-02,504,14137,0,,
2020-04-03,570,14707,0,,
2020-04-04,445,15152,0,,
2020-04-05,461,15613,0,,
2020-04-06,603,16216,0,,
2020-04-07,610,16826,0,,
2020-04-08,595,17421,0,,
2020-04-09,684,18105,0,,
2020-04-10,767,18872,0,,
2020-04-11,712,19584,0,,
2020-04-12,615,20199,0,,
2020-04-13,1013,21212,1,,
2020-04-14,825,22037,0,,
2020-04-15,914,22951,0,,
2020-04-16,814,23765,0,,
2020-04-17,880,24645,0,,
2020-04-18,721,25366,0,,
2020-04-19,453,25819,0,,
2020-04-20,707,26526,0,,
2020-04-21,519,27045,0,,
2020-04-22,571,27616,0,,
2020-04-23,569,28185,0,,
2020-04-24,564,28749,0,,
2020-04-25,480,29229,1,,
2020-04-26,378,29607,0,,
2020-04-27,510,30117,0,,
2020-04-28,426,30543,0,,
2020-04-29,381,30924,0,,
2020-04-30,248,31172,0,,
2020-05-01,188,31360,0,,
2020-05-02,66,31426,0,,
2020-05-03,18,31444,0,,
2020-05-04,1,31445,0,,