date,new,cumulative,doubleFlagTest,doubleFlagLabel,shaded
2020-01-15,2,2,1,,18
2020-01-16,0,2,1,,
2020-01-17,0,2,0,,
2020-01-18,0,2,0,,
2020-01-19,0,2,0,,
2020-01-20,0,2,0,,
2020-01-21,1,3,0,,
2020-01-22,2,5,1,,
2020-01-23,0,5,0,,
2020-01-24,2,7,0,,
2020-01-25,0,7,0,,
2020-01-26,0,7,0,,
2020-01-27,1,8,0,,
2020-01-28,1,9,0,,
2020-01-29,0,9,0,,
2020-01-30,0,9,0,,
2020-01-31,0,9,0,,
2020-02-01,3,12,1,,
2020-02-02,0,12,0,,
2020-02-03,0,12,0,,
2020-02-04,0,12,0,,
2020-02-05,1,13,0,,
2020-02-06,0,13,0,,
2020-02-07,0,13,0,,
2020-02-08,1,14,0,,
2020-02-09,1,15,0,,
2020-02-10,1,16,0,,
2020-02-11,0,16,0,,
2020-02-12,1,17,0,,
2020-02-13,2,19,0,,
2020-02-14,3,22,0,,
2020-02-15,4,26,1,,
2020-02-16,3,29,0,,
2020-02-17,1,30,0,,
2020-02-18,2,32,0,,
2020-02-19,1,33,0,,
2020-02-20,5,38,0,,
2020-02-21,3,41,0,,
2020-02-22,7,48,0,,
2020-02-23,8,56,1,,
2020-02-24,11,67,0,,
2020-02-25,10,77,0,,
2020-02-26,6,83,0,,
2020-02-27,12,95,0,,
2020-02-28,17,112,1,,
2020-02-29,24,136,0,,
2020-03-01,37,173,0,,
2020-03-02,35,208,0,,
2020-03-03,42,250,1,,
2020-03-04,43,293,0,,
2020-03-05,50,343,0,,
2020-03-06,59,402,0,,
2020-03-07,74,476,0,,
2020-03-08,101,577,1,,
2020-03-09,177,754,0,,
2020-03-10,211,965,0,,
2020-03-11,230,1195,1,,
2020-03-12,285,1480,0,,
2020-03-13,350,1830,0,,
2020-03-14,352,2182,0,,
2020-03-15,438,2620,1,,
2020-03-16,601,3221,0,,
2020-03-17,639,3860,0,,
2020-03-18,762,4622,0,,
2020-03-19,597,5219,0,,
2020-03-20,738,5957,1,,
2020-03-21,634,6591,0,,
2020-03-22,596,7187,0,,
2020-03-23,709,7896,0,,
2020-03-24,641,8537,0,,
2020-03-25,622,9159,0,,
2020-03-26,583,9742,0,,
2020-03-27,569,10311,0,,
2020-03-28,533,10844,0,,
2020-03-29,434,11278,0,,
2020-03-30,582,11860,0,,
2020-03-31,448,12308,1,,
2020-04-01,544,12852,0,,
2020-04-02,471,13323,0,,
2020-04-03,477,13800,0,,
2020-04-04,364,14164,0,,
2020-04-05,369,14533,0,,
2020-04-06,480,15013,0,,
2020-04-07,502,15515,0,,
2020-04-08,465,15980,0,,
2020-04-09,517,16497,0,,
2020-04-10,525,17022,0,,
2020-04-11,495,17517,0,,
2020-04-12,344,17861,0,,
2020-04-13,623,18484,0,,
2020-04-14,419,18903,0,,
2020-04-15,266,19169,0,,
2020-04-16,189,19358,0,,
2020-04-17,68,19426,0,,
2020-04-18,3,19429,0,,
2020-04-19,0,19429,0,,
2020-04-20,0,19429,0,,