date,new,cumulative,doubleFlagTest,doubleFlagLabel,shaded
2020-01-15,1,1,1,,18
2020-01-16,0,1,1,,
2020-01-17,0,1,0,,
2020-01-18,0,1,0,,
2020-01-19,0,1,0,,
2020-01-20,0,1,0,,
2020-01-21,1,2,1,,
2020-01-22,2,4,1,,
2020-01-23,0,4,0,,
2020-01-24,2,6,0,,
2020-01-25,0,6,0,,
2020-01-26,0,6,0,,
2020-01-27,1,7,0,,
2020-01-28,1,8,1,,
2020-01-29,0,8,0,,
2020-01-30,0,8,0,,
2020-01-31,0,8,0,,
2020-02-01,2,10,0,,
2020-02-02,0,10,0,,
2020-02-03,0,10,0,,
2020-02-04,0,10,0,,
2020-02-05,1,11,0,,
2020-02-06,0,11,0,,
2020-02-07,0,11,0,,
2020-02-08,1,12,0,,
2020-02-09,1,13,0,,
2020-02-10,3,16,1,,
2020-02-11,0,16,0,,
2020-02-12,1,17,0,,
2020-02-13,2,19,0,,
2020-02-14,4,23,0,,
2020-02-15,4,27,0,,
2020-02-16,3,30,0,,
2020-02-17,1,31,0,,
2020-02-18,1,32,1,,
2020-02-19,1,33,0,,
2020-02-20,7,40,0,,
2020-02-21,3,43,0,,
2020-02-22,8,51,0,,
2020-02-23,11,62,0,,
2020-02-24,11,73,1,,
2020-02-25,10,83,0,,
2020-02-26,6,89,0,,
2020-02-27,12,101,0,,
2020-02-28,17,118,0,,
2020-02-29,26,144,0,,
2020-03-01,41,185,1,,
2020-03-02,38,223,0,,
2020-03-03,44,267,0,,
2020-03-04,46,313,0,,
2020-03-05,52,365,0,,
2020-03-06,63,428,1,,
2020-03-07,78,506,0,,
2020-03-08,107,613,0,,
2020-03-09,187,800,0,,
2020-03-10,213,1013,1,,
2020-03-11,239,1252,0,,
2020-03-12,295,1547,0,,
2020-03-13,362,1909,0,,
2020-03-14,359,2268,1,,
2020-03-15,453,2721,0,,
2020-03-16,621,3342,0,,
2020-03-17,654,3996,0,,
2020-03-18,783,4779,1,,
2020-03-19,618,5397,0,,
2020-03-20,763,6160,0,,
2020-03-21,663,6823,0,,
2020-03-22,618,7441,0,,
2020-03-23,749,8190,0,,
2020-03-24,663,8853,0,,
2020-03-25,668,9521,0,,
2020-03-26,608,10129,1,,
2020-03-27,605,10734,0,,
2020-03-28,574,11308,0,,
2020-03-29,469,11777,0,,
2020-03-30,620,12397,0,,
2020-03-31,472,12869,0,,
2020-04-01,582,13451,0,,
2020-04-02,503,13954,0,,
2020-04-03,548,14502,0,,
2020-04-04,436,14938,0,,
2020-04-05,445,15383,0,,
2020-04-06,576,15959,0,,
2020-04-07,594,16553,0,,
2020-04-08,583,17136,0,,
2020-04-09,660,17796,0,,
2020-04-10,742,18538,0,,
2020-04-11,697,19235,0,,
2020-04-12,591,19826,0,,
2020-04-13,960,20786,1,,
2020-04-14,765,21551,0,,
2020-04-15,852,22403,0,,
2020-04-16,739,23142,0,,
2020-04-17,801,23943,0,,
2020-04-18,640,24583,0,,
2020-04-19,380,24963,0,,
2020-04-20,570,25533,0,,
2020-04-21,431,25964,0,,
2020-04-22,452,26416,0,,
2020-04-23,426,26842,0,,
2020-04-24,379,27221,0,,
2020-04-25,258,27479,1,,
2020-04-26,146,27625,0,,
2020-04-27,137,27762,0,,
2020-04-28,22,27784,0,,
2020-04-29,1,27785,0,,
2020-04-30,0,27785,0,,