date,new,cumulative,doubleFlagTest,doubleFlagLabel,shaded
2020-01-15,1,1,1,,14
2020-01-16,0,1,1,,
2020-01-17,0,1,0,,
2020-01-18,0,1,0,,
2020-01-19,0,1,0,,
2020-01-20,0,1,0,,
2020-01-21,1,2,1,,
2020-01-22,2,4,1,,
2020-01-23,0,4,0,,
2020-01-24,2,6,0,,
2020-01-25,0,6,0,,
2020-01-26,0,6,0,,
2020-01-27,1,7,0,,
2020-01-28,0,7,0,,
2020-01-29,0,7,0,,
2020-01-30,0,7,0,,
2020-01-31,0,7,0,,
2020-02-01,2,9,1,,
2020-02-02,0,9,0,,
2020-02-03,1,10,0,,
2020-02-04,2,12,0,,
2020-02-05,2,14,0,,
2020-02-06,0,14,0,,
2020-02-07,1,15,0,,
2020-02-08,0,15,0,,
2020-02-09,1,16,0,,
2020-02-10,2,18,1,,
2020-02-11,0,18,0,,
2020-02-12,1,19,0,,
2020-02-13,1,20,0,,
2020-02-14,4,24,0,,
2020-02-15,2,26,0,,
2020-02-16,1,27,0,,
2020-02-17,1,28,0,,
2020-02-18,3,31,0,,
2020-02-19,3,34,0,,
2020-02-20,6,40,1,,
2020-02-21,2,42,0,,
2020-02-22,5,47,0,,
2020-02-23,15,62,0,,
2020-02-24,14,76,0,,
2020-02-25,16,92,1,,
2020-02-26,12,104,0,,
2020-02-27,23,127,0,,
2020-02-28,35,162,0,,
2020-02-29,26,188,1,,
2020-03-01,46,234,0,,
2020-03-02,47,281,0,,
2020-03-03,50,331,0,,
2020-03-04,47,378,1,,
2020-03-05,62,440,0,,
2020-03-06,79,519,0,,
2020-03-07,89,608,0,,
2020-03-08,131,739,0,,
2020-03-09,221,960,1,,
2020-03-10,249,1209,0,,
2020-03-11,291,1500,0,,
2020-03-12,381,1881,0,,
2020-03-13,451,2332,1,,
2020-03-14,455,2787,0,,
2020-03-15,584,3371,0,,
2020-03-16,811,4182,0,,
2020-03-17,842,5024,1,,
2020-03-18,939,5963,0,,
2020-03-19,790,6753,0,,
2020-03-20,972,7725,0,,
2020-03-21,855,8580,0,,
2020-03-22,821,9401,0,,
2020-03-23,997,10398,1,,
2020-03-24,896,11294,0,,
2020-03-25,909,12203,0,,
2020-03-26,823,13026,0,,
2020-03-27,902,13928,0,,
2020-03-28,892,14820,0,,
2020-03-29,797,15617,0,,
2020-03-30,1021,16638,0,,
2020-03-31,863,17501,0,,
2020-04-01,1190,18691,0,,
2020-04-02,1052,19743,0,,
2020-04-03,1257,21000,1,,
2020-04-04,1077,22077,0,,
2020-04-05,1016,23093,0,,
2020-04-06,1318,24411,0,,
2020-04-07,1187,25598,0,,
2020-04-08,1309,26907,0,,
2020-04-09,1374,28281,0,,
2020-04-10,1584,29865,0,,
2020-04-11,1550,31415,0,,
2020-04-12,1381,32796,0,,
2020-04-13,1930,34726,0,,
2020-04-14,1700,36426,0,,
2020-04-15,1801,38227,0,,
2020-04-16,1856,40083,0,,
2020-04-17,1760,41843,0,,
2020-04-18,1596,43439,1,,
2020-04-19,1195,44634,0,,
2020-04-20,1781,46415,0,,
2020-04-21,1385,47800,0,,
2020-04-22,1456,49256,0,,
2020-04-23,1504,50760,0,,
2020-04-24,1479,52239,0,,
2020-04-25,1340,53579,1,,
2020-04-26,1264,54843,0,,
2020-04-27,1625,56468,0,,
2020-04-28,1420,57888,0,,
2020-04-29,1390,59278,0,,
2020-04-30,1305,60583,0,,
2020-05-01,1397,61980,0,,
2020-05-02,1016,62996,0,,
2020-05-03,972,63968,0,,
2020-05-04,1243,65211,0,,
2020-05-05,1172,66383,0,,
2020-05-06,991,67374,0,,
2020-05-07,1041,68415,0,,
2020-05-08,1063,69478,0,,
2020-05-09,954,70432,0,,
2020-05-10,830,71262,0,,
2020-05-11,1147,72409,0,,
2020-05-12,1005,73414,0,,
2020-05-13,1017,74431,0,,
2020-05-14,1063,75494,0,,
2020-05-15,1212,76706,0,,
2020-05-16,963,77669,0,,
2020-05-17,867,78536,0,,
2020-05-18,1005,79541,0,,
2020-05-19,893,80434,0,,
2020-05-20,999,81433,0,,
2020-05-21,814,82247,0,,
2020-05-22,798,83045,0,,
2020-05-23,660,83705,0,,
2020-05-24,627,84332,0,,
2020-05-25,742,85074,0,,
2020-05-26,691,85765,0,,
2020-05-27,658,86423,0,,
2020-05-28,545,86968,0,,
2020-05-29,665,87633,0,,
2020-05-30,467,88100,0,,
2020-05-31,336,88436,0,,
2020-06-01,520,88956,0,,
2020-06-02,385,89341,0,,
2020-06-03,316,89657,0,,
2020-06-04,311,89968,0,,
2020-06-05,234,90202,0,,
2020-06-06,98,90300,0,,
2020-06-07,37,90337,,,
2020-06-08,4,90341,,,