date,new,cumulative,doubleFlagTest,doubleFlagLabel,shaded
2020-01-15,2,2,1,,18
2020-01-16,0,2,1,,
2020-01-17,0,2,0,,
2020-01-18,0,2,0,,
2020-01-19,0,2,0,,
2020-01-20,0,2,0,,
2020-01-21,1,3,0,,
2020-01-22,2,5,1,,
2020-01-23,0,5,0,,
2020-01-24,2,7,0,,
2020-01-25,1,8,0,,
2020-01-26,0,8,0,,
2020-01-27,1,9,0,,
2020-01-28,1,10,1,,
2020-01-29,0,10,0,,
2020-01-30,0,10,0,,
2020-01-31,0,10,0,,
2020-02-01,3,13,0,,
2020-02-02,0,13,0,,
2020-02-03,0,13,0,,
2020-02-04,0,13,0,,
2020-02-05,1,14,0,,
2020-02-06,0,14,0,,
2020-02-07,0,14,0,,
2020-02-08,1,15,0,,
2020-02-09,1,16,0,,
2020-02-10,1,17,0,,
2020-02-11,0,17,0,,
2020-02-12,1,18,0,,
2020-02-13,2,20,1,,
2020-02-14,3,23,0,,
2020-02-15,4,27,0,,
2020-02-16,3,30,0,,
2020-02-17,1,31,0,,
2020-02-18,2,33,0,,
2020-02-19,1,34,0,,
2020-02-20,5,39,0,,
2020-02-21,3,42,1,,
2020-02-22,6,48,0,,
2020-02-23,9,57,0,,
2020-02-24,11,68,0,,
2020-02-25,10,78,0,,
2020-02-26,6,84,1,,
2020-02-27,12,96,0,,
2020-02-28,17,113,0,,
2020-02-29,25,138,0,,
2020-03-01,37,175,1,,
2020-03-02,36,211,0,,
2020-03-03,43,254,0,,
2020-03-04,43,297,0,,
2020-03-05,50,347,0,,
2020-03-06,59,406,1,,
2020-03-07,75,481,0,,
2020-03-08,103,584,0,,
2020-03-09,180,764,0,,
2020-03-10,211,975,1,,
2020-03-11,231,1206,0,,
2020-03-12,285,1491,0,,
2020-03-13,353,1844,0,,
2020-03-14,353,2197,1,,
2020-03-15,441,2638,0,,
2020-03-16,603,3241,0,,
2020-03-17,645,3886,0,,
2020-03-18,764,4650,1,,
2020-03-19,598,5248,0,,
2020-03-20,745,5993,0,,
2020-03-21,639,6632,0,,
2020-03-22,597,7229,0,,
2020-03-23,718,7947,0,,
2020-03-24,647,8594,0,,
2020-03-25,625,9219,0,,
2020-03-26,588,9807,1,,
2020-03-27,570,10377,0,,
2020-03-28,534,10911,0,,
2020-03-29,437,11348,0,,
2020-03-30,588,11936,0,,
2020-03-31,455,12391,0,,
2020-04-01,559,12950,0,,
2020-04-02,477,13427,0,,
2020-04-03,496,13923,0,,
2020-04-04,376,14299,0,,
2020-04-05,383,14682,0,,
2020-04-06,496,15178,0,,
2020-04-07,521,15699,0,,
2020-04-08,495,16194,0,,
2020-04-09,540,16734,0,,
2020-04-10,550,17284,0,,
2020-04-11,558,17842,0,,
2020-04-12,389,18231,0,,
2020-04-13,717,18948,0,,
2020-04-14,488,19436,0,,
2020-04-15,453,19889,1,,
2020-04-16,403,20292,0,,
2020-04-17,287,20579,0,,
2020-04-18,142,20721,0,,
2020-04-19,52,20773,0,,
2020-04-20,0,20773,0,,
2020-04-21,0,20773,0,,
2020-04-22,0,20773,0,,