date,new,cumulative,doubleFlagTest,doubleFlagLabel,shaded
2020-01-15,2,2,1,,18
2020-01-16,0,2,1,,
2020-01-17,0,2,0,,
2020-01-18,0,2,0,,
2020-01-19,0,2,0,,
2020-01-20,0,2,0,,
2020-01-21,1,3,0,,
2020-01-22,2,5,1,,
2020-01-23,0,5,0,,
2020-01-24,2,7,0,,
2020-01-25,1,8,0,,
2020-01-26,0,8,0,,
2020-01-27,1,9,0,,
2020-01-28,1,10,1,,
2020-01-29,0,10,0,,
2020-01-30,0,10,0,,
2020-01-31,0,10,0,,
2020-02-01,2,12,0,,
2020-02-02,0,12,0,,
2020-02-03,0,12,0,,
2020-02-04,0,12,0,,
2020-02-05,1,13,0,,
2020-02-06,0,13,0,,
2020-02-07,0,13,0,,
2020-02-08,1,14,0,,
2020-02-09,1,15,0,,
2020-02-10,2,17,0,,
2020-02-11,0,17,0,,
2020-02-12,0,17,0,,
2020-02-13,2,19,0,,
2020-02-14,4,23,1,,
2020-02-15,4,27,0,,
2020-02-16,3,30,0,,
2020-02-17,1,31,0,,
2020-02-18,1,32,0,,
2020-02-19,1,33,0,,
2020-02-20,7,40,0,,
2020-02-21,3,43,0,,
2020-02-22,7,50,1,,
2020-02-23,11,61,0,,
2020-02-24,11,72,0,,
2020-02-25,10,82,0,,
2020-02-26,6,88,0,,
2020-02-27,12,100,1,,
2020-02-28,17,117,0,,
2020-02-29,26,143,0,,
2020-03-01,41,184,0,,
2020-03-02,37,221,1,,
2020-03-03,44,265,0,,
2020-03-04,46,311,0,,
2020-03-05,53,364,0,,
2020-03-06,64,428,0,,
2020-03-07,79,507,1,,
2020-03-08,107,614,0,,
2020-03-09,188,802,0,,
2020-03-10,214,1016,1,,
2020-03-11,242,1258,0,,
2020-03-12,297,1555,0,,
2020-03-13,363,1918,0,,
2020-03-14,360,2278,1,,
2020-03-15,457,2735,0,,
2020-03-16,624,3359,0,,
2020-03-17,660,4019,0,,
2020-03-18,788,4807,1,,
2020-03-19,620,5427,0,,
2020-03-20,772,6199,0,,
2020-03-21,674,6873,0,,
2020-03-22,624,7497,0,,
2020-03-23,760,8257,0,,
2020-03-24,669,8926,0,,
2020-03-25,669,9595,0,,
2020-03-26,612,10207,1,,
2020-03-27,617,10824,0,,
2020-03-28,591,11415,0,,
2020-03-29,477,11892,0,,
2020-03-30,626,12518,0,,
2020-03-31,476,12994,0,,
2020-04-01,593,13587,0,,
2020-04-02,506,14093,0,,
2020-04-03,564,14657,0,,
2020-04-04,448,15105,0,,
2020-04-05,458,15563,0,,
2020-04-06,593,16156,0,,
2020-04-07,598,16754,0,,
2020-04-08,595,17349,0,,
2020-04-09,674,18023,0,,
2020-04-10,749,18772,0,,
2020-04-11,713,19485,0,,
2020-04-12,610,20095,0,,
2020-04-13,985,21080,1,,
2020-04-14,797,21877,0,,
2020-04-15,890,22767,0,,
2020-04-16,784,23551,0,,
2020-04-17,853,24404,0,,
2020-04-18,706,25110,0,,
2020-04-19,427,25537,0,,
2020-04-20,664,26201,0,,
2020-04-21,484,26685,0,,
2020-04-22,542,27227,0,,
2020-04-23,527,27754,0,,
2020-04-24,491,28245,0,,
2020-04-25,427,28672,1,,
2020-04-26,308,28980,0,,
2020-04-27,409,29389,0,,
2020-04-28,276,29665,0,,
2020-04-29,230,29895,0,,
2020-04-30,160,30055,0,,
2020-05-01,78,30133,0,,
2020-05-02,20,30153,0,,
2020-05-03,0,30153,0,,