date,new,cumulative,doubleFlagTest,doubleFlagLabel,shaded
2020-01-15,2,2,1,,18
2020-01-16,0,2,1,,
2020-01-17,0,2,0,,
2020-01-18,0,2,0,,
2020-01-19,0,2,0,,
2020-01-20,0,2,0,,
2020-01-21,1,3,0,,
2020-01-22,2,5,1,,
2020-01-23,0,5,0,,
2020-01-24,2,7,0,,
2020-01-25,0,7,0,,
2020-01-26,0,7,0,,
2020-01-27,1,8,0,,
2020-01-28,0,8,0,,
2020-01-29,0,8,0,,
2020-01-30,0,8,0,,
2020-01-31,0,8,0,,
2020-02-01,3,11,1,,
2020-02-02,0,11,0,,
2020-02-03,0,11,0,,
2020-02-04,0,11,0,,
2020-02-05,1,12,0,,
2020-02-06,0,12,0,,
2020-02-07,1,13,0,,
2020-02-08,1,14,0,,
2020-02-09,1,15,0,,
2020-02-10,2,17,0,,
2020-02-11,0,17,0,,
2020-02-12,0,17,0,,
2020-02-13,2,19,0,,
2020-02-14,4,23,1,,
2020-02-15,4,27,0,,
2020-02-16,3,30,0,,
2020-02-17,1,31,0,,
2020-02-18,1,32,0,,
2020-02-19,1,33,0,,
2020-02-20,7,40,0,,
2020-02-21,3,43,0,,
2020-02-22,8,51,1,,
2020-02-23,10,61,0,,
2020-02-24,11,72,0,,
2020-02-25,10,82,0,,
2020-02-26,5,87,0,,
2020-02-27,12,99,0,,
2020-02-28,17,116,1,,
2020-02-29,24,140,0,,
2020-03-01,42,182,0,,
2020-03-02,37,219,0,,
2020-03-03,46,265,1,,
2020-03-04,45,310,0,,
2020-03-05,55,365,0,,
2020-03-06,70,435,0,,
2020-03-07,81,516,0,,
2020-03-08,109,625,1,,
2020-03-09,191,816,0,,
2020-03-10,221,1037,0,,
2020-03-11,251,1288,1,,
2020-03-12,312,1600,0,,
2020-03-13,373,1973,0,,
2020-03-14,366,2339,0,,
2020-03-15,465,2804,1,,
2020-03-16,645,3449,0,,
2020-03-17,687,4136,0,,
2020-03-18,803,4939,0,,
2020-03-19,647,5586,0,,
2020-03-20,777,6363,1,,
2020-03-21,689,7052,0,,
2020-03-22,630,7682,0,,
2020-03-23,781,8463,0,,
2020-03-24,689,9152,0,,
2020-03-25,687,9839,0,,
2020-03-26,613,10452,0,,
2020-03-27,633,11085,0,,
2020-03-28,607,11692,0,,
2020-03-29,477,12169,0,,
2020-03-30,622,12791,1,,
2020-03-31,478,13269,0,,
2020-04-01,626,13895,0,,
2020-04-02,517,14412,0,,
2020-04-03,596,15008,0,,
2020-04-04,483,15491,0,,
2020-04-05,466,15957,0,,
2020-04-06,607,16564,0,,
2020-04-07,616,17180,0,,
2020-04-08,613,17793,0,,
2020-04-09,686,18479,0,,
2020-04-10,772,19251,0,,
2020-04-11,730,19981,0,,
2020-04-12,655,20636,0,,
2020-04-13,1044,21680,0,,
2020-04-14,855,22535,0,,
2020-04-15,961,23496,0,,
2020-04-16,893,24389,0,,
2020-04-17,926,25315,0,,
2020-04-18,776,26091,1,,
2020-04-19,523,26614,0,,
2020-04-20,788,27402,0,,
2020-04-21,591,27993,0,,
2020-04-22,648,28641,0,,
2020-04-23,649,29290,0,,
2020-04-24,579,29869,0,,
2020-04-25,565,30434,1,,
2020-04-26,491,30925,0,,
2020-04-27,663,31588,0,,
2020-04-28,586,32174,0,,
2020-04-29,547,32721,0,,
2020-04-30,488,33209,0,,
2020-05-01,484,33693,0,,
2020-05-02,354,34047,0,,
2020-05-03,319,34366,0,,
2020-05-04,367,34733,0,,
2020-05-05,403,35136,0,,
2020-05-06,325,35461,0,,
2020-05-07,390,35851,0,,
2020-05-08,398,36249,0,,
2020-05-09,308,36557,0,,
2020-05-10,228,36785,0,,
2020-05-11,418,37203,0,,
2020-05-12,335,37538,0,,
2020-05-13,342,37880,0,,
2020-05-14,341,38221,0,,
2020-05-15,444,38665,0,,
2020-05-16,327,38992,0,,
2020-05-17,269,39261,0,,
2020-05-18,245,39506,0,,
2020-05-19,322,39828,0,,
2020-05-20,309,40137,0,,
2020-05-21,299,40436,,,
2020-05-22,165,40601,,,
2020-05-23,55,40656,,,
2020-05-24,4,40660,,,
2020-05-25,0,40660,,,