date,new,cumulative,doubleFlagTest,doubleFlagLabel,shaded
2020-01-15,2,2,1,,18
2020-01-16,0,2,1,,
2020-01-17,0,2,0,,
2020-01-18,0,2,0,,
2020-01-19,1,3,0,,
2020-01-20,0,3,0,,
2020-01-21,1,4,1,,
2020-01-22,2,6,0,,
2020-01-23,0,6,0,,
2020-01-24,2,8,1,,
2020-01-25,1,9,0,,
2020-01-26,0,9,0,,
2020-01-27,1,10,0,,
2020-01-28,1,11,0,,
2020-01-29,0,11,0,,
2020-01-30,0,11,0,,
2020-01-31,0,11,0,,
2020-02-01,1,12,0,,
2020-02-02,0,12,0,,
2020-02-03,0,12,0,,
2020-02-04,0,12,0,,
2020-02-05,1,13,0,,
2020-02-06,0,13,0,,
2020-02-07,0,13,0,,
2020-02-08,1,14,0,,
2020-02-09,1,15,0,,
2020-02-10,2,17,1,,
2020-02-11,0,17,0,,
2020-02-12,1,18,0,,
2020-02-13,2,20,0,,
2020-02-14,4,24,0,,
2020-02-15,4,28,0,,
2020-02-16,3,31,0,,
2020-02-17,1,32,0,,
2020-02-18,1,33,0,,
2020-02-19,1,34,1,,
2020-02-20,5,39,0,,
2020-02-21,3,42,0,,
2020-02-22,6,48,0,,
2020-02-23,12,60,0,,
2020-02-24,11,71,1,,
2020-02-25,10,81,0,,
2020-02-26,6,87,0,,
2020-02-27,12,99,0,,
2020-02-28,17,116,0,,
2020-02-29,25,141,0,,
2020-03-01,39,180,1,,
2020-03-02,37,217,0,,
2020-03-03,44,261,0,,
2020-03-04,45,306,0,,
2020-03-05,51,357,0,,
2020-03-06,60,417,1,,
2020-03-07,76,493,0,,
2020-03-08,104,597,0,,
2020-03-09,184,781,0,,
2020-03-10,213,994,1,,
2020-03-11,235,1229,0,,
2020-03-12,291,1520,0,,
2020-03-13,357,1877,0,,
2020-03-14,359,2236,1,,
2020-03-15,446,2682,0,,
2020-03-16,614,3296,0,,
2020-03-17,651,3947,0,,
2020-03-18,774,4721,1,,
2020-03-19,606,5327,0,,
2020-03-20,753,6080,0,,
2020-03-21,650,6730,0,,
2020-03-22,603,7333,0,,
2020-03-23,738,8071,0,,
2020-03-24,662,8733,0,,
2020-03-25,656,9389,0,,
2020-03-26,598,9987,1,,
2020-03-27,591,10578,0,,
2020-03-28,556,11134,0,,
2020-03-29,451,11585,0,,
2020-03-30,610,12195,0,,
2020-03-31,463,12658,0,,
2020-04-01,579,13237,0,,
2020-04-02,499,13736,0,,
2020-04-03,538,14274,0,,
2020-04-04,414,14688,0,,
2020-04-05,421,15109,0,,
2020-04-06,550,15659,0,,
2020-04-07,563,16222,0,,
2020-04-08,563,16785,0,,
2020-04-09,639,17424,0,,
2020-04-10,688,18112,0,,
2020-04-11,668,18780,0,,
2020-04-12,524,19304,0,,
2020-04-13,935,20239,1,,
2020-04-14,722,20961,0,,
2020-04-15,776,21737,0,,
2020-04-16,656,22393,0,,
2020-04-17,642,23035,0,,
2020-04-18,494,23529,0,,
2020-04-19,266,23795,0,,
2020-04-20,336,24131,0,,
2020-04-21,221,24352,0,,
2020-04-22,183,24535,0,,
2020-04-23,67,24602,0,,
2020-04-24,4,24606,0,,
2020-04-25,0,24606,0,,