date,new,cumulative,doubleFlagTest,doubleFlagLabel,shaded
2020-01-15,2,2,1,,18
2020-01-16,0,2,1,,
2020-01-17,0,2,0,,
2020-01-18,0,2,0,,
2020-01-19,0,2,0,,
2020-01-20,0,2,0,,
2020-01-21,1,3,0,,
2020-01-22,2,5,1,,
2020-01-23,0,5,0,,
2020-01-24,2,7,0,,
2020-01-25,0,7,0,,
2020-01-26,0,7,0,,
2020-01-27,1,8,0,,
2020-01-28,0,8,0,,
2020-01-29,0,8,0,,
2020-01-30,0,8,0,,
2020-01-31,0,8,0,,
2020-02-01,3,11,1,,
2020-02-02,0,11,0,,
2020-02-03,0,11,0,,
2020-02-04,0,11,0,,
2020-02-05,1,12,0,,
2020-02-06,0,12,0,,
2020-02-07,1,13,0,,
2020-02-08,1,14,0,,
2020-02-09,1,15,0,,
2020-02-10,2,17,0,,
2020-02-11,0,17,0,,
2020-02-12,0,17,0,,
2020-02-13,2,19,0,,
2020-02-14,4,23,1,,
2020-02-15,4,27,0,,
2020-02-16,3,30,0,,
2020-02-17,1,31,0,,
2020-02-18,1,32,0,,
2020-02-19,1,33,0,,
2020-02-20,7,40,0,,
2020-02-21,3,43,0,,
2020-02-22,8,51,1,,
2020-02-23,10,61,0,,
2020-02-24,11,72,0,,
2020-02-25,10,82,0,,
2020-02-26,5,87,0,,
2020-02-27,12,99,0,,
2020-02-28,17,116,1,,
2020-02-29,24,140,0,,
2020-03-01,42,182,0,,
2020-03-02,37,219,0,,
2020-03-03,46,265,1,,
2020-03-04,45,310,0,,
2020-03-05,55,365,0,,
2020-03-06,70,435,0,,
2020-03-07,81,516,0,,
2020-03-08,110,626,1,,
2020-03-09,191,817,0,,
2020-03-10,221,1038,0,,
2020-03-11,251,1289,1,,
2020-03-12,312,1601,0,,
2020-03-13,373,1974,0,,
2020-03-14,365,2339,0,,
2020-03-15,464,2803,1,,
2020-03-16,644,3447,0,,
2020-03-17,687,4134,0,,
2020-03-18,803,4937,0,,
2020-03-19,646,5583,0,,
2020-03-20,777,6360,1,,
2020-03-21,689,7049,0,,
2020-03-22,631,7680,0,,
2020-03-23,781,8461,0,,
2020-03-24,688,9149,0,,
2020-03-25,684,9833,0,,
2020-03-26,613,10446,0,,
2020-03-27,634,11080,0,,
2020-03-28,607,11687,0,,
2020-03-29,477,12164,0,,
2020-03-30,624,12788,1,,
2020-03-31,480,13268,0,,
2020-04-01,627,13895,0,,
2020-04-02,515,14410,0,,
2020-04-03,595,15005,0,,
2020-04-04,480,15485,0,,
2020-04-05,469,15954,0,,
2020-04-06,605,16559,0,,
2020-04-07,618,17177,0,,
2020-04-08,616,17793,0,,
2020-04-09,685,18478,0,,
2020-04-10,774,19252,0,,
2020-04-11,729,19981,0,,
2020-04-12,655,20636,0,,
2020-04-13,1043,21679,0,,
2020-04-14,852,22531,0,,
2020-04-15,957,23488,0,,
2020-04-16,889,24377,0,,
2020-04-17,929,25306,0,,
2020-04-18,774,26080,1,,
2020-04-19,524,26604,0,,
2020-04-20,790,27394,0,,
2020-04-21,589,27983,0,,
2020-04-22,645,28628,0,,
2020-04-23,649,29277,0,,
2020-04-24,581,29858,0,,
2020-04-25,560,30418,1,,
2020-04-26,492,30910,0,,
2020-04-27,664,31574,0,,
2020-04-28,584,32158,0,,
2020-04-29,542,32700,0,,
2020-04-30,488,33188,0,,
2020-05-01,484,33672,0,,
2020-05-02,353,34025,0,,
2020-05-03,317,34342,0,,
2020-05-04,362,34704,0,,
2020-05-05,403,35107,0,,
2020-05-06,321,35428,0,,
2020-05-07,398,35826,0,,
2020-05-08,403,36229,0,,
2020-05-09,310,36539,0,,
2020-05-10,221,36760,0,,
2020-05-11,411,37171,0,,
2020-05-12,329,37500,0,,
2020-05-13,333,37833,0,,
2020-05-14,337,38170,0,,
2020-05-15,435,38605,0,,
2020-05-16,316,38921,0,,
2020-05-17,255,39176,0,,
2020-05-18,224,39400,0,,
2020-05-19,331,39731,0,,
2020-05-20,302,40033,0,,
2020-05-21,185,40218,,,
2020-05-22,43,40261,,,
2020-05-23,0,40261,,,
2020-05-24,0,40261,,,