date,new,cumulative,doubleFlagTest,doubleFlagLabel,shaded
2020-01-15,1,1,1,,14
2020-01-16,0,1,1,,
2020-01-17,0,1,0,,
2020-01-18,0,1,0,,
2020-01-19,0,1,0,,
2020-01-20,0,1,0,,
2020-01-21,1,2,1,,
2020-01-22,2,4,1,,
2020-01-23,0,4,0,,
2020-01-24,2,6,0,,
2020-01-25,0,6,0,,
2020-01-26,0,6,0,,
2020-01-27,1,7,0,,
2020-01-28,0,7,0,,
2020-01-29,0,7,0,,
2020-01-30,0,7,0,,
2020-01-31,0,7,0,,
2020-02-01,2,9,1,,
2020-02-02,0,9,0,,
2020-02-03,1,10,0,,
2020-02-04,2,12,0,,
2020-02-05,2,14,0,,
2020-02-06,0,14,0,,
2020-02-07,1,15,0,,
2020-02-08,0,15,0,,
2020-02-09,1,16,0,,
2020-02-10,2,18,1,,
2020-02-11,0,18,0,,
2020-02-12,1,19,0,,
2020-02-13,1,20,0,,
2020-02-14,4,24,0,,
2020-02-15,2,26,0,,
2020-02-16,1,27,0,,
2020-02-17,1,28,0,,
2020-02-18,3,31,0,,
2020-02-19,3,34,0,,
2020-02-20,6,40,1,,
2020-02-21,2,42,0,,
2020-02-22,5,47,0,,
2020-02-23,16,63,0,,
2020-02-24,14,77,0,,
2020-02-25,16,93,1,,
2020-02-26,12,105,0,,
2020-02-27,23,128,0,,
2020-02-28,36,164,0,,
2020-02-29,27,191,1,,
2020-03-01,46,237,0,,
2020-03-02,47,284,0,,
2020-03-03,50,334,0,,
2020-03-04,47,381,0,,
2020-03-05,62,443,1,,
2020-03-06,79,522,0,,
2020-03-07,89,611,0,,
2020-03-08,131,742,0,,
2020-03-09,220,962,1,,
2020-03-10,249,1211,0,,
2020-03-11,294,1505,0,,
2020-03-12,380,1885,0,,
2020-03-13,449,2334,1,,
2020-03-14,458,2792,0,,
2020-03-15,586,3378,0,,
2020-03-16,821,4199,0,,
2020-03-17,842,5041,1,,
2020-03-18,943,5984,0,,
2020-03-19,797,6781,0,,
2020-03-20,978,7759,0,,
2020-03-21,856,8615,0,,
2020-03-22,823,9438,0,,
2020-03-23,1000,10438,1,,
2020-03-24,899,11337,0,,
2020-03-25,904,12241,0,,
2020-03-26,819,13060,0,,
2020-03-27,901,13961,0,,
2020-03-28,892,14853,0,,
2020-03-29,799,15652,0,,
2020-03-30,1032,16684,0,,
2020-03-31,866,17550,0,,
2020-04-01,1197,18747,0,,
2020-04-02,1056,19803,0,,
2020-04-03,1254,21057,1,,
2020-04-04,1088,22145,0,,
2020-04-05,1016,23161,0,,
2020-04-06,1317,24478,0,,
2020-04-07,1178,25656,0,,
2020-04-08,1316,26972,0,,
2020-04-09,1368,28340,0,,
2020-04-10,1590,29930,0,,
2020-04-11,1534,31464,0,,
2020-04-12,1380,32844,0,,
2020-04-13,1938,34782,0,,
2020-04-14,1700,36482,0,,
2020-04-15,1795,38277,0,,
2020-04-16,1841,40118,0,,
2020-04-17,1770,41888,0,,
2020-04-18,1603,43491,1,,
2020-04-19,1203,44694,0,,
2020-04-20,1779,46473,0,,
2020-04-21,1400,47873,0,,
2020-04-22,1470,49343,0,,
2020-04-23,1507,50850,0,,
2020-04-24,1473,52323,0,,
2020-04-25,1351,53674,0,,
2020-04-26,1274,54948,0,,
2020-04-27,1632,56580,0,,
2020-04-28,1429,58009,0,,
2020-04-29,1389,59398,0,,
2020-04-30,1310,60708,0,,
2020-05-01,1420,62128,0,,
2020-05-02,1033,63161,0,,
2020-05-03,984,64145,0,,
2020-05-04,1236,65381,0,,
2020-05-05,1182,66563,0,,
2020-05-06,1003,67566,0,,
2020-05-07,1046,68612,0,,
2020-05-08,1081,69693,0,,
2020-05-09,968,70661,0,,
2020-05-10,857,71518,0,,
2020-05-11,1155,72673,0,,
2020-05-12,1025,73698,0,,
2020-05-13,1018,74716,0,,
2020-05-14,1084,75800,0,,
2020-05-15,1220,77020,0,,
2020-05-16,953,77973,0,,
2020-05-17,880,78853,0,,
2020-05-18,1029,79882,0,,
2020-05-19,897,80779,0,,
2020-05-20,1001,81780,0,,
2020-05-21,809,82589,0,,
2020-05-22,790,83379,0,,
2020-05-23,677,84056,0,,
2020-05-24,653,84709,0,,
2020-05-25,794,85503,0,,
2020-05-26,727,86230,0,,
2020-05-27,684,86914,0,,
2020-05-28,552,87466,1,,
2020-05-29,661,88127,0,,
2020-05-30,490,88617,0,,
2020-05-31,371,88988,0,,
2020-06-01,549,89537,0,,
2020-06-02,436,89973,0,,
2020-06-03,366,90339,0,,
2020-06-04,356,90695,0,,
2020-06-05,329,91024,0,,
2020-06-06,222,91246,0,,
2020-06-07,171,91417,0,,
2020-06-08,202,91619,0,,
2020-06-09,143,91762,0,,
2020-06-10,152,91914,0,,
2020-06-11,88,92002,0,,
2020-06-12,20,92022,0,,
2020-06-13,2,92024,0,,